0.55933791
0.55856556
0.55777019
0.55698389
0.55622274
0.55543560
0.55466217
0.55390656
0.55314296
0.55237085
0.55159718
0.55083233
0.55008060
0.54933423
0.54859191
0.54783303
0.54707968
0.54634678
0.54557067
0.54480743
0.54404926
0.54329854
0.54255128
0.54181445
0.54106712
0.54033470
0.53959388
0.53886324
0.53812462
0.53741521
0.53667951
0.53594106
0.53518683
0.53445846
0.53372931
0.53302652
0.53228581
0.53157735
0.53086138
0.53015053
0.52942413
0.52873147
0.52802455
0.52731144
0.52660012
0.52589101
0.52519757
0.52450681
0.52380973
0.52311152
0.52240044
0.52168018
0.52097237
0.52028668
0.51960027
0.51891279
0.51823491
0.51755208
0.51687264
0.51619798
0.51551825
0.51483303
0.51417738
0.51349074
0.51281101
0.51214790
0.51149070
0.51080984
0.51014179
0.50945354
0.50880688
0.50816953
0.50751740
0.50684798
0.50619203
0.50552458
0.50487423
0.50421792
0.50354904
0.50287610
0.50221229
0.50154197
0.50089663
0.50028318
0.49964020
0.49900553
0.49836764
0.49774188
0.49708924
0.49644679
0.49578613
0.49513575
0.49447358
0.49384850
0.49323848
0.49260935
0.49197096
0.49135268
0.49072525
0.49008656
0.48945943
0.48882437
0.48819777
0.48757559
0.48693994
0.48633316
0.48569304
0.48507977
0.48447737
0.48387399
0.48325786
0.48263562
0.48201418
0.48141482
0.48081353
0.48022279
0.47961819
0.47899699
0.47839826
0.47778895
0.47718614
0.47657979
0.47597268
0.47537586
0.47479749
0.47422647
0.47363943
0.47306994
0.47250149
0.47190696
0.47130558
0.47072345
0.47013211
0.46955174
0.46897632
0.46839520
0.46781376
0.46725324
0.46667784
0.46609315
0.46551818
0.46494627
0.46437255
0.46379334
0.46321747
0.46265832
0.46209547
0.46152285
0.46095350
0.46037790
0.45982388
0.45924819
0.45869201
0.45811862
0.45757133
0.45698875
0.45642504
0.45587948
0.45534202
0.45478016
0.45422453
0.45368329
0.45314217
0.45258820
0.45203251
0.45147550
0.45093173
0.45036793
0.44983515
0.44928178
0.44872037
0.44818130
0.44764498
0.44709355
0.44654593
0.44599798
0.44544920
0.44489771
0.44434547
0.44380307
0.44327101
0.44274351
0.44220960
0.44167459
0.44114673
0.44061163
0.44008598
0.43956369
0.43903512
0.43850407
0.43798137
0.43745980
0.43693745
0.43642539
0.43590662
0.43538135
0.43488237
0.43438303
0.43386400
0.43335539
0.43284070
0.43232691
0.43182063
0.43130636
0.43080243
0.43029273
0.42977408
0.42927971
0.42876512
0.42826656
0.42775574
0.42725453
0.42675772
0.42625529
0.42575601
0.42523596
0.42474842
0.42427018
0.42378378
0.42328304
0.42278126
0.42228565
0.42178375
0.42130890
0.42082059
0.42033908
0.41983387
0.41933742
0.41885403
0.41835091
0.41785645
0.41737545
0.41690072
0.41642472
0.41593707
0.41544452
0.41496697
0.41450253
0.41403076
0.41355452
0.41307616
0.41258430
0.41210821
0.41162878
0.41113916
0.41066626
0.41019586
0.40972456
0.40926111
0.40879455
0.40834624
0.40786308
0.40739843
0.40693060
0.40647900
0.40601698
0.40554568
0.40508080
0.40461534
0.40416825
0.40370783
0.40324104
0.40277827
0.40232328
0.40186799
0.40140533
0.40096304
0.40051425
0.40006250
0.39961535
0.39916447
0.39871269
0.39825788
0.39780462
0.39734456
0.39690357
0.39644641
0.39602545
0.39557719
0.39513209
0.39467502
0.39422789
0.39378119
0.39332804
0.39289892
0.39246398
0.39201772
0.39157915
0.39115447
0.39071164
0.39027002
0.38983110
0.38939351
0.38895243
0.38850883
0.38806728
0.38762754
0.38719487
0.38674647
0.38630688
0.38587171
0.38542834
0.38499489
0.38457805
0.38414213
0.38370967
0.38328549
0.38286620
0.38243997
0.38201812
0.38158864
0.38115779
0.38073078
0.38030627
0.37987652
0.37944579
0.37903008
0.37861222
0.37819770
0.37778023
0.37737522
0.37695494
0.37653589
0.37610567
0.37569574
0.37528551
0.37487951
0.37446827
0.37405565
0.37365267
0.37323880
0.37281227
0.37239972
0.37200913
0.37160152
0.37119058
0.37078011
0.37037039
0.36995566
0.36955011
0.36915168
0.36874604
0.36834073
0.36793807
0.36752364
0.36711556
0.36671075
0.36631802
0.36591938
0.36551824
0.36511961
0.36470145
0.36429733
0.36391154
0.36351401
0.36311892
0.36271882
0.36231521
0.36192927
0.36153695
0.36113989
0.36074364
0.36036602
0.35998327
0.35959488
0.35922372
0.35883135
0.35844153
0.35805812
0.35765538
0.35725871
0.35684857
0.35646656
0.35607687
0.35568625
0.35530394
0.35492098
0.35456479
0.35419154
0.35381898
0.35343277
0.35304952
0.35266903
0.35229418
0.35190094
0.35151327
0.35114333
0.35076332
0.35038409
0.34998459
0.34960353
0.34924033
0.34887338
0.34850660
0.34814578
0.34777510
0.34741095
0.34702665
0.34665653
0.34628379
0.34591660
0.34555775
0.34519672
0.34483314
0.34446135
0.34408599
0.34372741
0.34335813
0.34299189
0.34262136
0.34225684
0.34189749
0.34153977
0.34116241
0.34079930
0.34043548
0.34007031
0.33970448
0.33934906
0.33898935
0.33863771
0.33826989
0.33791301
0.33755603
0.33720377
0.33685637
0.33649519
0.33615160
0.33580059
0.33545202
0.33511493
0.33475411
0.33441031
0.33405253
0.33370188
0.33336338
0.33299932
0.33264399
0.33228841
0.33195370
0.33160883
0.33125886
0.33092836
0.33058578
0.33024675
0.32990012
0.32955459
0.32921001
0.32887512
0.32852477
0.32818821
0.32785842
0.32752243
0.32718682
0.32683894
0.32650602
0.32615280
0.32582977
0.32548201
0.32514817
0.32480946
0.32445985
0.32412851
0.32378319
0.32345617
0.32311112
0.32278398
0.32245332
0.32212535
0.32179165
0.32145727
0.32112774
0.32080922
0.32048073
0.32014588
0.31981337
0.31948972
0.31916270
0.31882966
0.31849438
0.31817093
0.31784672
0.31752133
0.31719148
0.31687036
0.31653756
0.31621158
0.31588006
0.31555215
0.31523114
0.31491163
0.31457359
0.31424195
0.31393024
0.31360114
0.31328192
0.31296083
0.31263724
0.31231809
0.31200251
0.31168586
0.31135869
0.31105271
0.31073865
0.31043246
0.31011900
0.30980444
0.30950111
0.30917537
0.30884808
0.30853888
0.30821902
0.30790624
0.30758351
0.30727935
0.30697688
0.30667338
0.30634868
0.30605459
0.30574417
0.30542526
0.30512863
0.30481803
0.30449873
0.30420670
0.30388430
0.30359191
0.30329096
0.30299184
0.30268246
0.30237469
0.30207977
0.30176044
0.30143648
0.30112961
0.30081400
0.30048949
0.30019346
0.29987904
0.29958248
0.29927027
0.29898468
0.29868665
0.29839590
0.29808855
0.29778627
0.29749173
0.29720294
0.29689485
0.29659551
0.29629514
0.29600400
0.29570359
0.29539418
0.29508460
0.29479563
0.29450214
0.29421499
0.29392919
0.29362509
0.29333001
0.29304019
0.29275170
0.29245907
0.29216626
0.29188049
0.29159516
0.29131138
0.29102245
0.29073063
0.29043001
0.29013649
0.28984895
0.28957829
0.28929126
0.28900579
0.28871170
0.28842190
0.28811967
0.28783011
0.28755170
0.28725848
0.28697950
0.28670064
0.28642645
0.28613541
0.28585130
0.28557685
0.28529936
0.28502589
0.28474140
0.28446814
0.28418830
0.28391165
0.28363034
0.28334183
0.28305632
0.28279242
0.28250951
0.28223607
0.28195602
0.28167871
0.28140703
0.28114107
0.28087336
0.28058767
0.28031239
0.28003535
0.27976733
0.27948168
0.27920538
0.27892432
0.27863634
0.27835569
0.27809766
0.27781850
0.27754521
0.27726707
0.27699503
0.27671698
0.27644753
0.27618909
0.27591681
0.27564594
0.27538079
0.27509555
0.27482718
0.27455392
0.27428013
0.27401349
0.27373776
0.27348357
0.27322909
0.27296126
0.27269197
0.27242208
0.27216306
0.27190486
0.27163568
0.27138633
0.27111450
0.27084294
0.27058819
0.27032730
0.27006671
0.26979858
0.26954687
0.26927203
0.26901415
0.26875773
0.26851156
0.26827237
0.26801589
0.26774529
0.26749074
0.26721987
0.26696634
0.26670671
0.26644596
0.26619139
0.26594326
0.26569328
0.26543874
0.26517740
0.26492590
0.26467335
0.26439875
0.26415229
0.26388749
0.26363802
0.26338106
0.26314035
0.26289064
0.26264912
0.26240042
0.26214993
0.26190624
0.26165572
0.26141119
0.26114768
0.26090157
0.26066396
0.26043034
0.26018596
0.25993222
0.25970620
0.25946161
0.25920224
0.25894350
0.25870377
0.25844958
0.25821331
0.25797048
0.25773451
0.25749984
0.25726038
0.25702965
0.25677946
0.25653684
0.25629577
0.25605631
0.25580740
0.25556058
0.25531799
0.25507870
0.25483236
0.25459459
0.25434825
0.25411266
0.25387529
0.25363138
0.25338426
0.25314406
0.25290272
0.25266162
0.25240925
0.25217280
0.25192526
0.25169438
0.25144550
0.25122178
0.25098449
0.25073370
0.25049609
0.25026247
0.25002584
0.24979804
0.24958174
0.24934666
0.24909601
0.24886414
0.24863303
0.24839969
0.24816503
0.24792501
0.24769884
0.24747619
0.24724427
0.24700387
0.24679506
0.24656242
0.24634083
0.24611764
0.24588740
0.24565253
0.24542706
0.24518868
0.24494635
0.24470729
0.24447405
0.24424820
0.24401480
0.24378693
0.24357764
0.24335262
0.24312429
0.24290523
0.24268858
0.24247098
0.24225318
0.24204344
0.24182507
0.24160822
0.24139175
0.24117440
0.24094205
0.24071500
0.24049391
0.24026489
0.24005577
0.23983379
0.23961444
0.23939478
0.23917827
0.23897198
0.23874557
0.23852596
0.23830739
0.23808941
0.23788530
0.23766968
0.23743273
0.23720683
0.23699324
0.23676866
0.23655899
0.23633903
0.23613417
0.23591653
0.23570538
0.23548540
0.23527117
0.23505203
0.23484330
0.23463704
0.23441280
0.23419543
0.23398875
0.23377857
0.23356983
0.23334780
0.23313411
0.23291308
0.23271924
0.23252760
0.23231880
0.23210460
0.23188971
0.23168156
0.23146611
0.23124616
0.23102526
0.23081967
0.23060505
0.23040882
0.23018664
0.22997926
0.22976220
0.22956048
0.22935107
0.22914703
0.22893867
0.22872902
0.22851352
0.22829510
0.22807741
0.22786480
0.22765486
0.22744720
0.22725178
0.22704576
0.22683576
0.22662397
0.22640060
0.22618829
0.22598559
0.22578268
0.22558530
0.22539352
0.22519930
0.22499521
0.22478895
0.22459333
0.22439319
0.22419809
0.22399691
0.22379659
0.22359870
0.22339833
0.22318900
0.22298323
0.22279269
0.22259963
0.22240880
0.22221492
0.22202171
0.22182703
0.22164117
0.22145095
0.22124918
0.22105062
0.22085108
0.22064357
0.22044110
0.22023642
0.22005472
0.21983968
0.21964610
0.21945660
0.21927124
0.21906577
0.21887982
0.21868303
0.21849172
0.21829401
0.21809995
0.21792823
0.21774215
0.21756114
0.21735349
0.21716204
0.21697952
0.21678613
0.21659659
0.21640350
0.21621703
0.21601750
0.21581416
0.21562523
0.21543515
0.21524267
0.21505696
0.21485339
0.21467176
0.21446906
0.21427518
0.21408086
0.21388997
0.21369816
0.21351370
0.21332562
0.21313696
0.21294011
0.21275298
0.21256462
0.21237558
0.21220177
0.21202348
0.21182495
0.21163018
0.21144259
0.21126325
0.21107888
0.21089278
0.21069382
0.21051162
0.21032436
0.21014301
0.20996276
0.20977792
0.20959479
0.20941278
0.20922372
0.20903815
0.20884427
0.20866720
0.20849554
0.20830886
0.20812373
0.20793982
0.20776871
0.20758289
0.20739534
0.20721230
0.20702878
0.20686015
0.20666143
0.20649043
0.20631094
0.20611796
0.20594756
0.20576708
0.20559245
0.20540597
0.20521420
0.20504066
0.20486222
0.20469174
0.20450936
0.20433253
0.20416135
0.20398580
0.20381661
0.20364648
0.20345762
0.20327951
0.20311700
0.20294750
0.20276013
0.20259182
0.20242947
0.20224862
0.20206991
0.20189670
0.20171781
0.20154855
0.20137633
0.20119444
0.20101096
0.20083909
0.20066902
0.20049532
0.20033209
0.20016275
0.19998822
0.19980939
0.19963633
0.19945942
0.19927952
0.19911692
0.19894315
0.19877504
0.19861425
0.19845758
0.19828825
0.19813076
0.19796064
0.19778670
0.19762638
0.19745389
0.19729987
0.19713524
0.19695483
0.19678612
0.19661656
0.19645631
0.19627795
0.19611527
0.19594920
0.19577383
0.19560839
0.19544598
0.19527955
0.19510835
0.19494876
0.19478732
0.19461797
0.19446234
0.19428921
0.19411735
0.19396083
0.19379735
0.19363230
0.19347538
0.19331948
0.19316345
0.19298926
0.19282323
0.19265243
0.19250725
0.19234245
0.19217461
0.19200820
0.19183941
0.19167827
0.19152158
0.19137684
0.19121501
0.19104660
0.19088656
0.19072036
0.19056545
0.19041525
0.19026063
0.19010523
0.18996347
0.18980806
0.18965483
0.18949997
0.18934655
0.18919648
0.18903601
0.18888183
0.18871859
0.18856329
0.18841994
0.18826118
0.18810458
0.18795134
0.18780079
0.18765141
0.18749820
0.18734340
0.18718480
0.18703292
0.18687674
0.18672262
0.18656699
0.18641126
0.18624753
0.18609244
0.18593872
0.18578659
0.18563473
0.18547796
0.18532711
0.18517004
0.18501712
0.18485984
0.18470031
0.18454464
0.18438876
0.18424074
0.18408120
0.18392466
0.18376997
0.18362173
0.18347159
0.18330424
0.18314998
0.18300007
0.18284939
0.18269603
0.18254842
0.18239862
0.18224549
0.18209097
0.18193962
0.18179096
0.18165311
0.18150696
0.18134375
0.18119067
0.18104361
0.18089439
0.18075025
0.18060067
0.18045309
0.18031059
0.18017170
0.18003073
0.17988482
0.17973003
0.17958619
0.17944323
0.17928860
0.17914623
0.17900702
0.17887032
0.17872831
0.17858598
0.17843878
0.17829722
0.17815384
0.17801021
0.17787670
0.17771348
0.17757520
0.17744300
0.17730166
0.17715654
0.17701681
0.17687410
0.17673796
0.17659174
0.17645273
0.17630816
0.17615633
0.17600930
0.17586301
0.17571744
0.17557837
0.17543897
0.17530014
0.17515720
0.17502452
0.17488198
0.17474408
0.17460258
0.17446607
0.17434497
0.17421190
0.17406765
0.17393948
0.17380436
0.17366818
0.17352408
0.17337872
0.17323826
0.17310870
0.17297123
0.17282498
0.17268568
0.17254667
0.17240773
0.17227033
0.17213336
0.17198466
0.17186402
0.17172590
0.17159288
0.17144470
0.17131335
0.17117257
0.17103328
0.17089130
0.17074984
0.17060749
0.17046882
0.17032304
0.17018166
0.17004615
0.16991857
0.16979574
0.16964978
0.16951515
0.16937679
0.16923711
0.16911076
0.16897021
0.16883568
0.16870181
0.16857603
0.16844063
0.16830249
0.16817036
0.16803135
0.16790134
0.16776621
0.16763383
0.16749437
0.16736539
0.16723298
0.16710368
0.16698439
0.16685617
0.16673069
0.16659509
0.16645694
0.16632921
0.16620339
0.16608253
0.16594799
0.16581991
0.16568559
0.16556063
0.16542956
0.16529033
0.16515863
0.16502389
0.16488327
0.16475363
0.16462621
0.16451533
0.16438381
0.16425262
0.16412516
0.16399391
0.16386732
0.16372937
0.16361639
0.16349097
0.16336524
0.16323149
0.16310741
0.16298063
0.16284436
0.16271770
0.16259518
0.16247115
0.16233648
0.16221380
0.16209193
0.16197765
0.16185817
0.16173142
0.16160628
0.16147226
0.16135535
0.16122530
0.16109897
0.16097282
0.16084802
0.16072866
0.16060555
0.16048470
0.16035010
0.16022922
0.16010703
0.15998973
0.15986547
0.15973386
0.15961333
0.15948679
0.15935700
0.15921952
0.15910585
0.15899675
0.15888540
0.15877795
0.15865596
0.15853587
0.15841685
0.15828812
0.15816106
0.15803955
0.15790521
0.15778847
0.15767007
0.15754098
0.15741621
0.15728389
0.15715975
0.15704392
0.15692110
0.15679038
0.15667349
0.15655340
0.15643904
0.15632786
0.15620826
0.15608484
0.15596916
0.15584497
0.15572838
0.15561029
0.15549199
0.15536940
0.15525943
0.15514204
0.15502813
0.15491256
0.15480925
0.15468986
0.15457384
0.15445249
0.15433367
0.15421492
0.15410468
0.15398893
0.15387467
0.15376809
0.15364762
0.15354183
0.15343352
0.15331139
0.15318927
0.15308218
0.15297012
0.15285695
0.15274958
0.15262638
0.15251535
0.15239327
0.15226778
0.15215559
0.15204348
0.15193149
0.15180279
0.15168966
0.15157270
0.15146464
0.15135662
0.15124947
0.15113750
0.15102296
0.15091616
0.15079722
0.15067984
0.15055691
0.15044120
0.15032655
0.15021273
0.15010360
0.14999421
0.14989156
0.14977433
0.14966010
0.14954413
0.14941774
0.14930369
0.14918478
0.14907062
0.14894901
0.14884095
0.14872599
0.14861663
0.14850639
0.14839111
0.14828588
0.14817247
0.14805363
0.14794067
0.14782658
0.14771627
0.14761366
0.14749756
0.14738624
0.14727648
0.14717174
0.14706032
0.14695697
0.14684165
0.14673568
0.14663050
0.14651163
0.14641373
0.14630975
0.14619642
0.14608493
0.14598379
0.14588268
0.14577723
0.14566976
0.14555945
0.14544421
0.14534047
0.14523725
0.14514111
0.14504160
0.14492619
0.14480788
0.14469588
0.14459042
0.14448239
0.14437711
0.14426728
0.14417279
0.14406882
0.14395696
0.14385344
0.14374304
0.14365339
0.14354625
0.14343898
0.14332223
0.14320947
0.14311427
0.14302561
0.14292300
0.14281936
0.14272475
0.14262527
0.14253104
0.14241655
0.14231457
0.14222126
0.14210942
0.14199610
0.14188395
0.14177659
0.14168021
0.14157896
0.14149091
0.14138892
0.14129236
0.14119248
0.14108779
0.14098908
0.14088321
0.14078063
0.14068456
0.14058317
0.14048710
0.14038789
0.14027312
0.14017388
0.14007361
0.13997330
0.13987924
0.13977292
0.13965510
0.13954881
0.13944720
0.13934246
0.13923720
0.13913381
0.13902386
0.13891618
0.13881303
0.13872351
0.13862832
0.13853288
0.13842733
0.13833277
0.13824277
0.13814321
0.13804860
0.13795432
0.13785875
0.13777058
0.13765991
0.13755779
0.13745433
0.13735832
0.13726564
0.13717021
0.13707657
0.13697906
0.13687196
0.13676566
0.13667783
0.13659848
0.13650082
0.13640179
0.13629484
0.13619703
0.13609135
0.13599332
0.13588971
0.13579732
0.13571693
0.13561918
0.13553075
0.13543457
0.13534659
0.13523895
0.13514058
0.13504387
0.13494232
0.13485317
0.13477379
0.13467821
0.13457559
0.13449009
0.13438280
0.13428627
0.13419239
0.13409151
0.13399987
0.13391094
0.13381849
0.13372849
0.13362114
0.13354075
0.13345414
0.13336585
0.13326490
0.13317777
0.13309392
0.13300808
0.13292089
0.13283557
0.13273449
0.13264279
0.13254234
0.13244313
0.13234021
0.13226038
0.13216622
0.13207366
0.13198490
0.13190542
0.13182010
0.13173173
0.13165456
0.13155939
0.13146909
0.13137673
0.13127933
0.13119781
0.13109849
0.13101183
0.13091826
0.13082914
0.13073796
0.13064694
0.13055231
0.13046513
0.13037764
0.13028720
0.13019376
0.13010351
0.13000859
0.12990515
0.12982725
0.12973008
0.12963893
0.12955581
0.12946139
0.12938307
0.12930010
0.12920587
0.12911499
0.12902191
0.12892660
0.12883331
0.12875564
0.12866935
0.12858386
0.12850508
0.12841882
0.12832427
0.12823500
0.12814166
0.12806222
0.12797736
0.12788452
0.12781492
0.12773043
0.12765968
0.12758157
0.12750590
0.12741463
0.12732688
0.12724485
0.12717335
0.12708732
0.12699771
0.12690003
0.12681603
0.12673846
0.12665339
0.12657353
0.12649806
0.12642004
0.12633276
0.12624732
0.12616295
0.12606935
0.12598620
0.12590115
0.12581241
0.12572500
0.12565404
0.12556994
0.12549286
0.12541747
0.12534204
0.12525386
0.12517062
0.12508422
0.12501940
0.12493732
0.12485063
0.12477207
0.12470009
0.12462181
0.12454776
0.12446953
0.12438263
0.12430694
0.12423158
0.12414426
0.12404987
0.12397183
0.12388337
0.12380612
0.12372173
0.12364175
0.12356431
0.12348855
0.12342045
0.12334581
0.12326270
0.12318736
0.12310595
0.12303782
0.12297112
0.12290379
0.12281647
0.12273555
0.12265927
0.12258206
0.12250786
0.12243036
0.12234838
0.12226196
0.12217458
0.12210166
0.12202811
0.12195151
0.12186941
0.12179564
0.12172011
0.12164654
0.12157899
0.12149417
0.12140920
0.12132581
0.12125479
0.12118503
0.12110882
0.12103880
0.12097410
0.12089697
0.12082034
0.12073413
0.12064121
0.12056454
0.12047660
0.12039740
0.12032621
0.12026371
0.12017739
0.12009798
0.12001438
0.11994413
0.11986466
0.11979298
0.11971911
0.11964145
0.11956383
0.11949659
0.11940976
0.11933130
0.11926155
0.11919246
0.11910910
0.11904427
0.11896611
0.11889995
0.11883399
0.11876591
0.11868976
0.11861369
0.11853575
0.11846212
0.11838034
0.11830981
0.11822709
0.11814595
0.11807511
0.11801652
0.11793684
0.11787115
0.11780381
0.11774161
0.11767229
0.11760866
0.11753346
0.11746124
0.11739226
0.11731476
0.11725469
0.11717506
0.11710804
0.11703647
0.11695248
0.11687699
0.11679549
0.11671209
0.11664578
0.11656921
0.11648867
0.11641251
0.11634811
0.11628165
0.11621249
0.11614385
0.11608154
0.11600307
0.11592920
0.11587164
0.11579648
0.11572642
0.11565420
0.11557992
0.11550555
0.11543524
0.11536466
0.11528452
0.11521977
0.11514548
0.11508694
0.11501613
0.11494187
0.11487051
0.11480811
0.11473463
0.11466261
0.11459631
0.11452694
0.11446232
0.11439209
0.11432411
0.11424770
0.11417061
0.11408980
0.11401922
0.11395391
0.11389097
0.11382369
0.11375920
0.11370034
0.11363235
0.11356618
0.11350168
0.11343248
0.11336373
0.11329803
0.11323996
0.11316225
0.11309730
0.11303589
0.11297075
0.11290830
0.11283442
0.11277013
0.11271865
0.11264918
0.11257393
0.11250693
0.11243848
0.11237492
0.11231462
0.11224312
0.11217517
0.11209587
0.11202495
0.11196390
0.11190572
0.11184533
0.11178749
0.11171782
0.11165646
0.11158744
0.11152046
0.11146396
0.11139511
0.11133183
0.11126638
0.11119696
0.11112847
0.11106119
0.11098338
0.11092585
0.11083718
0.11075660
0.11069214
0.11062592
0.11055234
0.11049199
0.11042563
0.11035053
0.11029219
0.11023761
0.11017068
0.11009885
0.11002576
0.10994505
0.10988613
0.10982352
0.10976020
0.10970575
0.10964255
0.10957568
0.10951099
0.10943465
0.10936181
0.10929538
0.10923520
0.10917731
0.10911382
0.10906275
0.10901008
0.10894188
0.10886873
0.10881193
0.10875487
0.10868633
0.10862985
0.10857193
0.10850170
0.10843194
0.10837013
0.10830695
0.10824840
0.10819363
0.10811825
0.10806791
0.10799723
0.10793402
0.10787152
0.10780603
0.10774227
0.10768409
0.10760822
0.10755993
0.10750862
0.10745192
0.10739639
0.10732211
0.10724682
0.10718984
0.10711881
0.10706286
0.10700882
0.10694781
0.10688122
0.10681244
0.10674667
0.10668457
0.10663240
0.10657191
0.10651859
0.10645883
0.10639685
0.10633560
0.10628337
0.10622931
0.10616239
0.10608759
0.10603663
0.10599110
0.10594199
0.10589284
0.10583052
0.10577516
0.10571493
0.10566275
0.10560450
0.10553838
0.10547678
0.10542512
0.10537643
0.10530959
0.10524492
0.10518985
0.10512303
0.10505366
0.10499969
0.10494868
0.10489697
0.10482688
0.10476967
0.10470569
0.10464165
0.10457801
0.10450392
0.10443795
0.10438374
0.10432074
0.10426542
0.10420845
0.10414094
0.10408670
0.10402047
0.10396558
0.10390262
0.10384211
0.10378681
0.10372597
0.10367034
0.10362457
0.10356320
0.10349478
0.10344573
0.10338025
0.10331302
0.10324682
0.10319388
0.10314270
0.10309067
0.10303095
0.10298233
0.10292852
0.10287113
0.10282258
0.10276018
0.10271084
0.10265270
0.10259311
0.10253621
0.10248083
0.10242757
0.10236404
0.10229784
0.10224420
0.10219124
0.10213605
0.10208360
0.10203163
0.10197782
0.10193383
0.10187942
0.10182470
0.10175868
0.10170918
0.10166153
0.10160113
0.10155337
0.10149727
0.10144348
0.10137858
0.10132755
0.10127226
0.10120418
0.10114613
0.10108191
0.10101993
0.10095776
0.10090809
0.10085504
0.10079414
0.10073078
0.10068085
0.10064157
0.10058775
0.10053314
0.10047361
0.10041755
0.10036300
0.10031289
0.10025092
0.10020125
0.10014509
0.10008767
0.10002951
0.09997207
0.09992165
0.09986313
0.09981510
0.09976894
0.09970993
0.09965803
0.09961496
0.09957086
0.09952268
0.09946557
0.09940788
0.09935632
0.09930947
0.09927313
0.09922165
0.09917685
0.09913240
0.09907375
0.09902561
0.09898123
0.09892224
0.09886687
0.09880421
0.09875606
0.09870254
0.09866266
0.09860312
0.09855817
0.09851173
0.09845875
0.09839781
0.09834717
0.09829432
0.09824672
0.09819822
0.09814333
0.09809429
0.09804276
0.09800048
0.09795216
0.09789506
0.09784114
0.09779376
0.09774368
0.09769426
0.09764148
0.09758721
0.09754660
0.09750326
0.09744552
0.09738797
0.09733720
0.09728641
0.09725653
0.09720024
0.09714908
0.09709802
0.09705359
0.09700119
0.09694283
0.09688918
0.09683195
0.09677070
0.09671754
0.09667195
0.09662502
0.09657468
0.09650297
0.09645580
0.09640477
0.09636161
0.09630222
0.09625926
0.09621293
0.09618030
0.09612696
0.09608608
0.09603917
0.09598918
0.09594598
0.09589990
0.09584696
0.09580331
0.09575403
0.09571541
0.09566282
0.09561137
0.09555510
0.09550409
0.09546721
0.09541586
0.09535854
0.09531589
0.09527905
0.09522413
0.09518010
0.09513033
0.09508613
0.09503674
0.09498640
0.09493618
0.09488191
0.09483126
0.09477553
0.09473780
0.09468335
0.09462417
0.09458278
0.09452932
0.09447693
0.09442898
0.09438210
0.09434109
0.09430560
0.09424926
0.09420320
0.09416454
0.09412368
0.09407566
0.09402600
0.09398524
0.09394418
0.09388869
0.09383772
0.09379702
0.09374239
0.09369926
0.09365248
0.09359623
0.09355002
0.09351280
0.09346599
0.09342328
0.09337928
0.09333647
0.09327514
0.09322837
0.09318966
0.09314661
0.09309762
0.09305059
0.09300624
0.09296110
0.09291330
0.09287314
0.09282102
0.09277236
0.09272882
0.09269793
0.09265588
0.09260955
0.09254761
0.09249289
0.09243689
0.09238695
0.09234305
0.09229849
0.09224878
0.09220367
0.09216695
0.09212476
0.09207654
0.09203078
0.09198169
0.09194332
0.09190673
0.09187579
0.09183048
0.09177796
0.09173871
0.09169211
0.09166019
0.09161975
0.09156337
0.09151691
0.09147081
0.09141602
0.09137587
0.09133106
0.09129564
0.09125685
0.09121905
0.09117820
0.09112636
0.09107326
0.09102340
0.09097420
0.09092698
0.09089091
0.09083479
0.09078968
0.09073975
0.09069988
0.09065014
0.09059580
0.09055401
0.09050585
0.09046428
0.09041697
0.09036813
0.09032364
0.09028251
0.09024210
0.09019655
0.09015253
0.09010616
0.09006888
0.09003138
0.08999273
0.08995450
0.08992878
0.08988500
0.08985282
0.08981758
0.08977392
0.08972763
0.08967899
0.08963502
0.08959772
0.08955368
0.08950830
0.08946609
0.08941765
0.08937147
0.08932924
0.08929465
0.08924495
0.08919854
0.08915854
0.08911908
0.08908478
0.08904777
0.08900255
0.08896161
0.08891622
0.08887053
0.08883797
0.08879893
0.08874313
0.08869578
0.08865180
0.08860622
0.08857264
0.08852255
0.08847708
0.08844346
0.08841413
0.08836769
0.08832929
0.08828597
0.08824260
0.08819336
0.08815134
0.08810329
0.08806282
0.08801881
0.08797722
0.08793540
0.08789781
0.08786323
0.08781295
0.08778085
0.08773603
0.08769674
0.08766192
0.08762927
0.08760901
0.08757909
0.08754475
0.08750761
0.08746331
0.08742150
0.08738100
0.08734073
0.08729720
0.08726402
0.08722564
0.08718258
0.08715549
0.08711134
0.08707315
0.08703967
0.08700658
0.08697984
0.08692934
0.08687221
0.08682888
0.08678688
0.08673932
0.08669619
0.08666102
0.08662463
0.08657709
0.08653587
0.08649328
0.08644549
0.08640458
0.08636104
0.08632185
0.08628780
0.08624523
0.08619662
0.08615424
0.08611860
0.08607361
0.08603518
0.08599712
0.08596507
0.08592285
0.08589178
0.08586195
0.08580486
0.08574710
0.08571059
0.08569017
0.08566617
0.08562998
0.08559492
0.08555166
0.08552358
0.08548004
0.08543682
0.08539968
0.08536269
0.08533482
0.08529676
0.08526123
0.08523154
0.08519805
0.08515948
0.08511592
0.08508211
0.08504295
0.08499547
0.08495706
0.08492439
0.08488104
0.08483925
0.08480893
0.08477002
0.08473508
0.08470009
0.08467100
0.08463834
0.08460039
0.08456473
0.08452332
0.08448505
0.08446027
0.08442768
0.08439066
0.08434951
0.08431087
0.08426451
0.08423600
0.08419844
0.08415265
0.08411188
0.08407433
0.08403390
0.08399246
0.08396349
0.08393393
0.08389901
0.08386812
0.08383574
0.08379970
0.08376595
0.08374009
0.08370946
0.08368023
0.08364578
0.08361358
0.08357573
0.08354200
0.08350678
0.08348273
0.08344766
0.08341994
0.08338091
0.08334550
0.08331180
0.08327632
0.08323442
0.08318715
0.08315799
0.08312587
0.08308188
0.08305669
0.08300857
0.08297507
0.08292887
0.08289504
0.08286184
0.08281939
0.08278218
0.08274085
0.08270204
0.08268239
0.08264070
0.08260797
0.08258098
0.08253841
0.08250808
0.08247824
0.08244485
0.08240321
0.08237983
0.08233588
0.08230738
0.08226132
0.08222533
0.08219852
0.08216686
0.08213821
0.08210040
0.08207082
0.08203556
0.08200209
0.08196677
0.08192614
0.08189991
0.08185770
0.08182321
0.08178930
0.08175194
0.08172031
0.08169246
0.08167378
0.08163726
0.08161040
0.08157592
0.08154050
0.08150596
0.08147115
0.08143536
0.08138724
0.08135182
0.08131645
0.08128371
0.08125433
0.08121298
0.08118662
0.08117194
0.08112632
0.08109279
0.08106719
0.08104602
0.08101201
0.08098312
0.08095182
0.08092802
0.08088870
0.08086304
0.08082444
0.08079880
0.08076590
0.08072644
0.08069308
0.08066037
0.08061902
0.08060060
0.08056086
0.08053333
0.08050719
0.08047411
0.08044709
0.08043169
0.08039318
0.08036498
0.08032759
0.08029432
0.08026868
0.08023585
0.08019878
0.08016164
0.08012906
0.08009613
0.08007204
0.08004918
0.08002026
0.07999295
0.07996183
0.07994329
0.07990836
0.07986725
0.07983638
0.07980062
0.07976245
0.07973004
0.07970706
0.07967401
0.07965128
0.07962534
0.07960141
0.07956766
0.07953768
0.07950822
0.07947060
0.07942893
0.07941422
0.07939148
0.07935175
0.07931701
0.07927463
0.07924265
0.07921632
0.07918613
0.07915216
0.07911647
0.07909466
0.07906610
0.07904562
0.07900910
0.07898337
0.07895478
0.07891902
0.07888879
0.07886823
0.07884474
0.07881793
0.07879362
0.07876450
0.07872885
0.07869958
0.07865974
0.07863912
0.07861926
0.07858811
0.07856840
0.07853822
0.07851039
0.07848357
0.07845516
0.07843100
0.07838974
0.07835729
0.07832040
0.07830605
0.07827936
0.07826232
0.07823452
0.07819030
0.07816732
0.07813445
0.07810213
0.07807582
0.07804103
0.07801675
0.07798558
0.07796043
0.07792184
0.07787719
0.07785678
0.07783872
0.07782480
0.07779995
0.07777085
0.07773953
0.07770133
0.07768070
0.07764808
0.07762118
0.07758960
0.07755093
0.07752742
0.07749379
0.07746405
0.07743546
0.07742181
0.07739875
0.07737730
0.07735476
0.07732717
0.07729582
0.07725668
0.07722994
0.07720529
0.07716759
0.07714128
0.07710934
0.07707917
0.07704733
0.07701229
0.07697989
0.07694563
0.07690800
0.07687978
0.07686784
0.07684290
0.07681306
0.07679121
0.07676931
0.07674036
0.07671272
0.07668331
0.07665390
0.07662387
0.07660905
0.07657124
0.07654016
0.07651713
0.07649044
0.07646219
0.07643364
0.07639709
0.07636376
0.07632846
0.07629254
0.07626408
0.07621633
0.07619949
0.07617296
0.07614826
0.07612365
0.07609282
0.07607399
0.07604848
0.07602114
0.07599764
0.07595826
0.07593276
0.07589816
0.07585860
0.07583602
0.07580733
0.07577680
0.07575332
0.07572189
0.07568934
0.07566351
0.07563595
0.07561105
0.07557118
0.07555769
0.07553912
0.07551853
0.07549310
0.07546417
0.07543693
0.07541338
0.07540428
0.07536465
0.07533645
0.07530902
0.07528328
0.07526501
0.07524041
0.07520255
0.07518070
0.07515460
0.07513203
0.07511148
0.07508409
0.07505670
0.07503866
0.07500270
0.07496905
0.07495209
0.07493581
0.07490545
0.07487683
0.07484423
0.07480877
0.07478668
0.07476933
0.07474736
0.07472204
0.07469908
0.07467861
0.07466011
0.07463400
0.07460418
0.07457282
0.07455158
0.07452635
0.07450805
0.07448675
0.07445880
0.07441885
0.07438116
0.07436017
0.07433172
0.07431210
0.07429144
0.07427278
0.07424990
0.07422488
0.07419450
0.07417250
0.07413988
0.07411377
0.07409556
0.07406326
0.07402815
0.07400715
0.07399104
0.07397372
0.07394306
0.07392594
0.07389879
0.07388002
0.07386974
0.07384929
0.07383896
0.07381981
0.07379999
0.07377437
0.07373818
0.07372343
0.07370450
0.07368496
0.07365438
0.07363722
0.07361653
0.07359173
0.07357480
0.07354275
0.07350359
0.07348121
0.07345963
0.07343690
0.07340324
0.07337970
0.07335748
0.07334536
0.07332908
0.07330693
0.07328522
0.07326643
0.07323732
0.07321014
0.07318620
0.07316630
0.07314049
0.07311998
0.07309486
0.07307831
0.07305104
0.07303846
0.07302197
0.07300936
0.07298041
0.07295002
0.07293370
0.07291169
0.07289319
0.07286838
0.07284769
0.07282390
0.07280252
0.07277133
0.07275408
0.07272642
0.07269368
0.07265987
0.07263594
0.07262547
0.07258559
0.07255176
0.07253339
0.07250204
0.07248051
0.07246521
0.07243281
0.07242602
0.07241098
0.07238684
0.07236264
0.07233393
0.07230507
0.07228246
0.07225540
0.07221924
0.07221033
0.07218794
0.07216468
0.07214474
0.07211932
0.07210002
0.07207501
0.07204325
0.07201821
0.07199452
0.07198588
0.07197877
0.07195601
0.07193305
0.07191201
0.07190087
0.07188091
0.07186130
0.07183496
0.07181765
0.07180180
0.07177782
0.07176097
0.07173983
0.07173005
0.07170323
0.07168282
0.07167491
0.07164883
0.07163491
0.07161728
0.07159192
0.07157743
0.07156936
0.07153949
0.07151106
0.07149309
0.07147466
0.07144887
0.07143442
0.07140406
0.07137693
0.07135066
0.07133963
0.07130942
0.07128733
0.07127292
0.07125769
0.07122677
0.07121673
0.07119394
0.07116863
0.07115105
0.07112808
0.07109763
0.07107577
0.07103378
0.07100989
0.07098787
0.07097075
0.07095081
0.07092081
0.07090286
0.07087933
0.07086876
0.07084272
0.07083507
0.07082441
0.07079781
0.07078061
0.07075690
0.07072895
0.07070777
0.07067992
0.07066194
0.07064100
0.07062290
0.07060400
0.07057242
0.07054897
0.07052480
0.07050651
0.07047310
0.07044473
0.07043748
0.07040969
0.07039209
0.07037684
0.07035617
0.07033154
0.07030392
0.07028519
0.07025698
0.07023372
0.07021885
0.07019880
0.07018407
0.07016002
0.07013862
0.07011561
0.07009659
0.07007285
0.07005736
0.07003748
0.07001713
0.06999463
0.06996500
0.06994301
0.06991666
0.06989309
0.06988016
0.06986694
0.06984942
0.06982871
0.06980750
0.06978253
0.06977569
0.06976989
0.06974185
0.06971709
0.06970417
0.06969126
0.06966710
0.06962574
0.06960182
0.06958419
0.06956387
0.06954467
0.06951147
0.06949746
0.06947746
0.06946453
0.06945626
0.06943288
0.06941517
0.06940412
0.06937385
0.06936494
0.06934758
0.06931487
0.06929310
0.06926645
0.06924569
0.06922179
0.06919809
0.06917293
0.06914649
0.06913252
0.06910973
0.06908555
0.06905285
0.06902336
0.06899671
0.06897678
0.06895132
0.06894380
0.06892098
0.06889609
0.06887469
0.06884073
0.06882041
0.06880531
0.06879032
0.06878208
0.06875660
0.06873451
0.06871285
0.06869058
0.06867917
0.06866582
0.06864127
0.06862000
0.06861538
0.06859682
0.06858297
0.06856739
0.06854373
0.06852670
0.06851915
0.06851052
0.06849716
0.06848073
0.06846426
0.06844289
0.06841415
0.06837720
0.06835278
0.06833646
0.06831449
0.06830034
0.06828211
0.06827003
0.06824727
0.06823057
0.06821570
0.06819496
0.06817214
0.06816272
0.06815223
0.06815091
0.06813075
0.06811485
0.06809090
0.06806245
0.06804019
0.06801908
0.06800493
0.06796721
0.06793173
0.06791687
0.06789073
0.06786914
0.06786624
0.06785250
0.06781849
0.06780097
0.06778453
0.06777241
0.06774189
0.06773045
0.06770299
0.06768826
0.06766974
0.06765608
0.06763302
0.06761990
0.06760714
0.06758700
0.06756387
0.06755962
0.06755427
0.06754015
0.06752830
0.06751281
0.06749343
0.06747545
0.06746413
0.06744625
0.06742944
0.06740669
0.06738682
0.06736980
0.06735619
0.06734793
0.06732974
0.06732147
0.06730265
0.06730226
0.06729501
0.06728849
0.06727677
0.06726020
0.06723861
0.06721230
0.06719498
0.06717357
0.06715816
0.06714129
0.06712606
0.06712019
0.06710938
0.06708157
0.06707035
0.06705411
0.06703614
0.06702441
0.06700642
0.06700446
0.06698988
0.06697235
0.06695696
0.06693718
0.06692994
0.06690816
0.06689842
0.06688067
0.06686099
0.06685261
0.06684303
0.06682635
0.06680635
0.06678977
0.06677154
0.06677167
0.06675129
0.06673840
0.06673055
0.06671330
0.06669263
0.06666270
0.06663211
0.06660435
0.06658269
0.06656958
0.06655089
0.06654786
0.06653004
0.06651081
0.06649345
0.06647683
0.06646417
0.06643704
0.06642541
0.06641683
0.06640064
0.06638388
0.06636723
0.06634331
0.06631586
0.06629620
0.06628552
0.06625874
0.06623760
0.06622916
0.06622627
0.06621477
0.06619919
0.06618810
0.06617606
0.06615248
0.06613643
0.06612644
0.06610799
0.06609322
0.06609187
0.06607717
0.06606009
0.06604037
0.06602341
0.06602275
0.06601224
0.06599002
0.06597889
0.06596532
0.06594786
0.06592920
0.06590690
0.06588386
0.06586702
0.06585889
0.06584944
0.06585067
0.06582978
0.06581852
0.06580455
0.06579604
0.06577774
0.06575763
0.06573413
0.06571948
0.06570596
0.06568998
0.06567332
0.06565789
0.06565259
0.06564040
0.06562988
0.06561315
0.06558978
0.06557469
0.06555261
0.06553134
0.06551243
0.06548853
0.06545877
0.06543697
0.06541947
0.06539465
0.06538396
0.06536958
0.06534445
0.06532786
0.06531541
0.06528746
0.06527880
0.06525891
0.06525551
0.06524029
0.06524079
0.06523396
0.06521802
0.06521247
0.06519659
0.06517423
0.06515804
0.06514265
0.06513739
0.06511982
0.06510767
0.06509529
0.06508379
0.06506509
0.06505341
0.06503846
0.06501824
0.06500252
0.06497804
0.06496197
0.06495111
0.06493200
0.06490823
0.06490159
0.06488138
0.06486543
0.06486657
0.06485309
0.06484129
0.06482562
0.06480353
0.06479114
0.06478762
0.06477482
0.06477217
0.06476670
0.06475410
0.06474586
0.06472658
0.06471603
0.06469658
0.06467771
0.06465925
0.06464542
0.06463207
0.06462432
0.06460290
0.06459650
0.06459137
0.06457529
0.06455830
0.06453502
0.06453361
0.06451376
0.06448817
0.06446925
0.06444913
0.06444143
0.06442633
0.06442233
0.06441469
0.06440224
0.06438749
0.06436627
0.06434575
0.06433532
0.06432413
0.06430084
0.06428594
0.06426948
0.06425557
0.06423271
0.06421877
0.06420039
0.06417511
0.06415452
0.06414004
0.06411842
0.06410238
0.06408211
0.06405650
0.06403890
0.06402127
0.06400807
0.06399743
0.06398043
0.06397066
0.06396486
0.06395667
0.06393921
0.06392687
0.06390163
0.06388906
0.06386790
0.06385672
0.06385338
0.06383409
0.06382260
0.06381176
0.06379640
0.06378698
0.06377325
0.06376302
0.06374647
0.06373781
0.06372897
0.06370328
0.06369158
0.06368714
0.06366493
0.06365971
0.06365383
0.06364314
0.06363420
0.06362591
0.06362355
0.06360482
0.06359414
0.06356925
0.06355352
0.06352948
0.06353263
0.06351500
0.06350371
0.06349800
0.06348933
0.06348245
0.06346348
0.06343873
0.06342790
0.06341729
0.06341266
0.06339625
0.06338024
0.06337369
0.06335536
0.06334075
0.06332959
0.06332071
0.06328863
0.06327413
0.06325765
0.06325099
0.06323531
0.06321494
0.06320228
0.06318343
0.06315745
0.06313596
0.06312121
0.06310333
0.06308111
0.06306569
0.06306662
0.06306712
0.06305367
0.06304456
0.06303933
0.06301133
0.06300509
0.06298000
0.06296223
0.06294953
0.06292796
0.06291575
0.06290177
0.06289580
0.06287776
0.06286871
0.06285112
0.06285243
0.06282587
0.06281390
0.06281308
0.06281753
0.06280330
0.06279245
0.06278180
0.06276440
0.06274773
0.06274145
0.06271937
0.06270589
0.06270441
0.06270457
0.06269483
0.06268539
0.06267007
0.06267094
0.06265809
0.06265140
0.06264398
0.06263349
0.06261073
0.06259360
0.06257944
0.06257343
0.06256089
0.06255134
0.06254478
0.06252414
0.06250253
0.06248213
0.06247845
0.06247086
0.06245915
0.06243942
0.06243349
0.06243012
0.06240990
0.06240239
0.06239245
0.06237848
0.06236257
0.06234764
0.06233712
0.06232681
0.06229958
0.06228125
0.06228665
0.06227769
0.06227318
0.06226362
0.06224939
0.06224202
0.06224141
0.06221769
0.06220505
0.06219289
0.06217781
0.06215386
0.06213345
0.06212715
0.06211742
0.06211109
0.06208907
0.06208232
0.06206899
0.06204550
0.06203340
0.06202238
0.06201950
0.06200634
0.06197731
0.06196545
0.06196179
0.06195894
0.06194673
0.06193684
0.06192989
0.06191337
0.06189783
0.06188595
0.06188074
0.06188230
0.06186650
0.06184516
0.06183418
0.06182313
0.06181699
0.06181049
0.06179757
0.06179145
0.06178133
0.06176288
0.06174336
0.06172981
0.06170659
0.06170943
0.06171129
0.06170360
0.06169773
0.06168980
0.06168058
0.06166529
0.06164493
0.06162169
0.06160499
0.06160055
0.06158282
0.06156499
0.06155385
0.06153245
0.06151371
0.06151327
0.06150223
0.06149165
0.06147712
0.06146401
0.06144933
0.06143290
0.06141452
0.06140422
0.06139706
0.06138133
0.06137763
0.06135465
0.06134991
0.06133947
0.06132947
0.06131838
0.06130515
0.06130372
0.06129340
0.06128171
0.06126004
0.06125252
0.06124052
0.06122740
0.06121048
0.06121057
0.06119991
0.06120154
0.06117874
0.06116655
0.06115416
0.06113970
0.06113068
0.06113045
0.06113348
0.06112649
0.06110079
0.06108222
0.06107220
0.06105946
0.06104722
0.06103038
0.06102585
0.06101805
0.06100237
0.06099122
0.06099306
0.06098196
0.06097212
0.06096394
0.06093659
0.06093079
0.06091464
0.06090727
0.06089799
0.06089415
0.06088620
0.06087653
0.06086473
0.06085375
0.06083353
0.06082984
0.06082726
0.06081699
0.06079643
0.06078952
0.06078397
0.06076176
0.06075658
0.06073967
0.06072691
0.06070704
0.06069076
0.06068144
0.06067970
0.06067465
0.06066776
0.06066692
0.06065235
0.06064584
0.06064120
0.06064667
0.06062539
0.06062584
0.06060714
0.06059108
0.06058886
0.06057386
0.06055987
0.06053908
0.06052579
0.06051840
0.06050542
0.06049896
0.06049141
0.06048048
0.06047345
0.06046434
0.06045274
0.06043119
0.06041305
0.06040980
0.06040248
0.06038364
0.06038704
0.06039669
0.06039708
0.06038399
0.06037958
0.06037800
0.06037101
0.06036821
0.06035234
0.06034320
0.06031835
0.06030491
0.06030024
0.06028686
0.06028149
0.06027169
0.06025217
0.06023994
0.06022262
0.06022438
0.06021089
0.06019590
0.06019644
0.06018212
0.06017786
0.06017318
0.06015910
0.06015120
0.06014219
0.06013675
0.06012353
0.06012578
0.06011893
0.06012052
0.06012281
0.06011435
0.06010723
0.06009826
0.06008846
0.06008036
0.06006296
0.06004162
0.06001883
0.06000225
0.05998655
0.05998327
0.05997446
0.05996453
0.05995096
0.05994252
0.05993459
0.05992610
0.05991451
0.05992080
0.05990926
0.05990685
0.05990730
0.05989665
0.05989137
0.05988312
0.05987732
0.05986613
0.05985925
0.05985397
0.05983029
0.05982144
0.05981383
0.05981126
0.05979465
0.05979156
0.05978115
0.05977372
0.05976881
0.05977695
0.05976666
0.05976621
0.05975032
0.05973574
0.05972913
0.05971531
0.05970720
0.05971248
0.05970567
0.05970632
0.05969915
0.05969889
0.05968828
0.05968425
0.05967013
0.05964422
0.05964370
0.05964007
0.05964001
0.05962262
0.05961269
0.05960706
0.05960046
0.05960016
0.05958740
0.05957812
0.05957459
0.05955485
0.05954514
0.05951802
0.05951054
0.05949688
0.05949756
0.05948240
0.05948476
0.05947587
0.05946701
0.05945571
0.05943875
0.05943238
0.05944270
0.05942667
0.05942742
0.05941552
0.05940608
0.05940386
0.05941396
0.05941164
0.05941005
0.05940402
0.05940767
0.05939961
0.05938937
0.05938192
0.05938362
0.05938054
0.05937862
0.05936539
0.05936508
0.05934127
0.05935030
0.05934631
0.05933515
0.05932478
0.05931847
0.05931490
0.05930348
0.05929782
0.05929194
0.05928896
0.05927947
0.05927445
0.05925862
0.05924883
0.05924733
0.05924235
0.05923638
0.05923210
0.05923468
0.05922170
0.05920962
0.05919859
0.05918213
0.05918878
0.05918334
0.05917560
0.05917057
0.05916605
0.05916334
0.05915167
0.05914380
0.05914358
0.05913782
0.05913233
0.05913024
0.05911086
0.05910750
0.05909703
0.05909850
0.05909576
0.05908701
0.05907627
0.05907381
0.05907629
0.05907214
0.05907226
0.05906047
0.05904839
0.05903281
0.05903155
0.05902333
0.05901194
0.05900775
0.05900298
0.05899788
0.05898734
0.05899097
0.05899142
0.05897517
0.05896582
0.05895303
0.05894247
0.05892858
0.05891987
0.05891322
0.05889107
0.05889167
0.05888304
0.05887051
0.05885734
0.05885250
0.05884744
0.05885221
0.05884777
0.05883799
0.05882881
0.05882148
0.05881152
0.05881990
0.05881405
0.05881749
0.05880820
0.05879838
0.05879607
