0.16149563
0.17922813
0.17370051
0.16410893
0.17566653
0.16844086
0.16398603
0.16639630
0.16811407
0.17836128
0.16316241
0.17445393
0.16948485
0.17347521
0.16217375
0.16742471
0.17142102
0.15658757
0.16278319
0.15963942
0.15479591
0.16460562
0.16578722
0.15730688
0.16034794
0.15165649
0.16126831
0.15270713
0.16161148
0.15879256
0.15991001
0.14410882
0.16283999
0.16419776
0.15488821
0.15346718
0.14717250
0.14983699
0.16339104
0.14309219
0.15631816
0.15387331
0.15064523
0.15704992
0.14477585
0.15733224
0.14705247
0.15436666
0.15384446
0.13437781
0.15720233
0.14385787
0.14806902
0.15371466
0.14680874
0.14068730
0.14600456
0.14308928
0.14296508
0.15149187
0.14511432
0.12988080
0.14485422
0.14085597
0.14603227
0.14054666
0.13110740
0.14218797
0.14419666
0.12909250
0.13884278
0.14352053
0.13010900
0.14042629
0.12937613
0.12883565
0.14091980
0.13703278
0.13527367
0.14340197
0.13801648
0.13506821
0.13597146
0.12316924
0.12762848
0.12994300
0.13687551
0.12924363
0.13187881
0.13214083
0.12596658
0.12054503
0.13856357
0.12723555
0.12927020
0.11333541
0.13576041
0.12095226
0.12482305
0.12262557
0.12920028
0.12748097
0.13157959
0.11692704
0.12309399
0.12016654
0.12464176
0.12630552
0.12242781
0.12812752
0.11601175
0.11997983
0.10383556
0.11856929
0.13057300
0.12302700
0.12258679
0.11905906
0.11743987
0.10793512
0.11716203
0.12167197
0.11765844
0.11848892
0.11908479
0.12143137
0.11226965
0.12017426
0.10209481
0.12561356
0.11669342
0.11261392
0.10820176
0.10544912
0.11746087
0.11311722
0.11393804
0.10530245
0.11141606
0.11191742
0.10292072
0.10202421
0.11272934
0.10824115
0.11263034
0.11653435
0.10993324
0.11207251
0.10911325
0.11043803
0.10756889
0.11191297
0.10382195
0.10962525
0.10960340
0.10807233
0.11460491
0.11322675
0.10399462
0.09836183
0.09113013
0.10450357
0.09753574
0.10715825
0.09483971
0.10932157
0.11007673
0.10690419
0.10113472
0.11122136
0.10767184
0.09717567
0.09538450
0.10184756
0.09671888
0.09785089
0.09539249
0.10297696
0.10589778
0.09415176
0.10172622
0.10062677
0.09383471
0.08937269
0.09530091
0.09469132
0.09899856
0.09991778
0.10844450
0.09100361
0.09298002
0.09553050
0.09700805
0.09822545
0.09366783
0.09355631
0.09915192
0.09700882
0.09846947
0.09766334
0.09509200
0.09846024
0.10005447
0.10102397
0.09158416
0.08983290
0.08959852
0.09562586
0.10029072
0.09176759
0.09678545
0.08865003
0.09449101
0.10765684
0.09489947
0.08916741
0.09210893
0.08503053
0.09101793
0.09552500
0.09263719
0.09128622
0.08795153
0.08805867
0.08279011
0.09120449
0.09134053
0.07842608
0.08584967
0.09069846
0.08752435
0.09172308
0.09097580
0.08744542
0.08832144
0.08205364
0.09026158
0.08036421
0.08206895
0.08879917
0.07900453
0.08600557
0.08449291
0.08202089
0.07358078
0.08423769
0.07644048
0.08858236
0.07915219
0.08249335
0.07060710
0.08007029
0.08106463
0.08518361
0.07883558
0.09325301
0.08934794
0.08350253
0.07289815
0.08218443
0.08338320
0.07680695
0.08122132
0.07312613
0.07028878
0.07806908
0.07763122
0.07726527
0.07606024
0.07948520
0.07904778
0.07860073
0.07080305
0.07798733
0.08026955
0.08217505
0.08223255
0.06730843
0.08047647
0.06942166
0.07904430
0.06549447
0.08299278
0.07533823
0.07625232
0.07496920
0.07343688
0.07287075
0.07783477
0.07458044
0.07495584
0.07715410
0.06769207
0.07109426
0.07062325
0.07255716
0.07513160
0.06905876
0.07902528
0.07435095
0.07144345
0.07356649
0.06680563
0.07101037
0.07589469
0.06997944
0.06444366
0.06595445
0.06534822
0.07265855
0.07732364
0.06624092
0.06739169
0.07111612
0.06422280
0.07410771
0.07097648
0.06865957
0.06518284
0.06963350
0.06926563
0.07247931
0.07334386
0.06998242
0.06831434
0.06571472
0.06584847
0.06794040
0.06081671
0.06322912
0.06197592
0.07071064
0.06535848
0.05925962
0.07257583
0.06821986
0.06829067
0.05981379
0.06504009
0.05925768
0.06126971
0.06484497
0.06145859
0.06023373
0.06176692
0.06956137
0.06277569
0.06369860
0.05669812
0.06684648
0.06561927
0.06033287
0.06589784
0.05608274
0.05902702
0.05934107
0.05966099
0.06135956
0.06368864
0.06701246
0.06405577
0.06248324
0.06667570
0.05732404
0.05724028
0.06906678
0.05122494
0.05735546
0.05853530
0.05592750
0.06481454
0.05673968
0.06463020
0.06413149
0.05924179
0.06023059
0.05972646
0.04979587
0.05810575
0.05547636
0.05951427
0.05770819
0.05821911
0.06018856
0.06203404
0.05964569
0.06399042
0.06033605
0.06167974
0.06169314
0.06765622
0.06356829
0.05735868
0.05523961
0.06075723
0.05695043
0.04984764
0.05409494
0.05338022
0.05286019
0.05729621
0.05687143
0.05305479
0.06156172
0.05351137
0.05265989
0.05401189
0.05329110
0.05322929
0.05791336
0.05213789
0.05220293
0.05852500
0.05118600
0.05625553
0.05023757
0.05324496
0.05042463
0.06009867
0.05891626
0.05794828
0.05606820
0.05524274
0.05701095
0.04898275
0.04864141
0.04849689
0.05173891
0.05038696
0.05272277
0.05240981
0.04990388
0.05038306
0.05252054
0.04653944
0.04821867
0.05336256
0.05292979
0.05106264
0.05104365
0.04888336
0.05097002
0.05240085
0.04771824
0.05006794
0.05506580
0.05091873
0.05618994
0.04928660
0.05518451
0.05616720
0.04402065
0.04441488
0.04948808
0.05120588
0.04597694
0.04886271
0.04864252
0.05136931
0.04235751
0.05005230
0.04284630
0.04838707
0.04730733
0.04286458
0.04833143
0.04862688
0.04810948
0.04909938
0.04818862
0.04965670
0.04890447
0.04592736
0.04866639
0.05141596
0.04507871
0.04948745
0.04900151
0.04388429
0.04730575
0.04260923
0.04598669
0.04295129
0.05364405
0.04260611
0.04561714
0.04548329
0.04572058
0.04297777
0.04372621
0.04573241
0.04950411
0.04343807
0.04219970
0.04818473
0.04177270
0.04571013
0.04709325
0.04314933
0.04803881
0.04466358
0.04524857
0.04239393
0.04331927
0.04164446
0.04419826
0.04598679
0.04473452
0.03936941
0.03950391
0.04814915
0.03575223
0.04141087
0.03825164
0.04653221
0.04248130
0.04166835
0.05010405
0.04288935
0.04498752
0.04124599
0.03539875
0.03540773
0.04154363
0.04072674
0.03965262
0.04229773
0.04646710
0.03924930
0.04011072
0.03506660
0.04257005
0.04104774
0.04279551
0.03710439
0.03824921
0.04042985
0.04295547
0.03905765
0.04580345
0.03842915
0.04352020
0.03589988
0.03746716
0.03411208
0.03814450
0.03586688
0.03491779
0.04143065
0.03607582
0.03926123
0.04742356
0.04051188
0.04121947
0.04296736
0.04215996
0.03952307
0.03713824
0.03574489
0.03748509
0.03908756
0.04082559
0.03573093
0.03732426
0.03928053
0.03525233
0.03929348
0.03402517
0.03437147
0.03653196
0.03575401
0.03273343
0.03505428
0.03705310
0.04027417
0.03746517
0.04465456
0.03913896
0.03746748
0.03792616
0.03896508
0.03528798
0.03030342
0.03524107
0.03650256
0.04219218
0.03668887
0.03514813
0.03947119
0.03939191
0.03421412
0.03843889
0.03564762
0.04003301
0.03553215
0.03220148
0.03738763
0.03622706
0.03834945
0.03728309
0.03621367
0.03067025
0.03128100
0.03681599
0.03390072
0.03618688
0.03612500
0.03270394
0.03655948
0.03669023
0.03921961
0.03561581
0.03037797
0.03300441
0.02859512
0.02634872
0.03633897
0.03614114
0.03243858
0.03587787
0.03083207
0.02804365
0.03162327
0.03411933
0.03365525
0.03629816
0.02901826
0.03477935
0.03575005
0.03365309
0.03517941
0.03306184
0.03411861
0.03105104
0.03829626
0.03556843
0.03379986
0.02668833
0.03259229
0.02981628
0.03454537
0.03529447
0.03082658
0.03280534
0.04060209
0.03115006
0.03196890
0.03050905
0.02877668
0.03169129
0.03681229
0.03401730
0.03135575
0.03066739
0.03029209
0.03387577
0.03282667
0.02832737
0.02957414
0.03253402
0.02873934
0.02875450
0.03386611
0.03383473
0.03080169
0.03133930
0.03094038
0.03241332
0.03086031
0.03209256
0.03043010
0.03027995
0.02755962
0.03574943
0.02667719
0.03271183
0.02843960
0.02982124
0.03673565
0.02850715
0.02849345
0.02682062
0.02910626
0.02662954
0.03085230
0.03163336
0.02539601
0.02847283
0.03094183
0.02744178
0.02577847
0.02621176
0.02992539
0.02725062
0.02967912
0.03035070
0.02600470
0.03047286
0.03329601
0.02832669
0.02763608
0.02653980
0.02991632
0.02732639
0.03030579
0.02867522
0.02814772
0.02544009
0.02556083
0.02825099
0.02776688
0.03262488
0.02564241
0.02717731
0.02775211
0.02939459
0.02860826
0.02651459
0.03054290
0.02368303
0.03140081
0.02502833
0.02645079
0.02574010
0.02693989
0.02540663
0.02748130
0.02857157
0.02452676
0.02740155
0.02659011
0.02528762
0.02706489
0.02500728
0.03045353
0.02366489
0.02530387
0.02849586
0.02847546
0.02685492
0.02724595
0.02366196
0.02999125
0.02720583
0.02371913
0.02397568
0.02399560
0.02686571
0.02466740
0.02655688
0.02663662
0.02490558
0.03140995
0.02382644
0.02963890
0.02640756
0.02335945
0.02443180
0.02005316
0.02267227
0.02853285
0.02592106
0.02428195
0.02645237
0.02219758
0.01912231
0.02327855
0.02574019
0.02711916
0.02614203
0.02250766
0.02777217
0.02554530
0.02621747
0.02075475
0.02225941
0.02271958
0.02288077
0.02172260
0.02152229
0.02369319
0.02364376
0.02329100
0.02264496
0.02386256
0.02607360
0.02497616
0.02360790
0.02647289
0.02426702
0.02104246
0.02368117
0.02290440
0.02377150
0.02089804
0.02381681
0.02372543
0.03060057
0.02517167
0.01977122
0.02302717
0.02245919
0.02370800
0.02434428
0.02512284
0.02399362
0.02429784
0.02870399
0.02441721
0.02244957
0.01987382
0.01738392
0.01913794
0.02061757
0.02416981
0.02248612
0.02491608
0.02071513
0.02167138
0.01954425
0.02221553
0.02598945
0.01831797
0.02455815
0.02445345
0.02433322
0.02015527
0.02142116
0.02036503
0.02197354
0.02222900
0.02087845
0.02307314
0.02062140
0.02147697
0.02416401
0.02012218
0.02179486
0.02392979
0.01860408
0.01820207
0.02023463
0.02127041
0.02351717
0.02101707
0.02054775
0.01995140
0.02074363
0.02131687
0.02004355
0.02297121
0.01978453
0.02202431
0.02196844
0.02327627
0.02310289
0.02253208
0.02398919
0.01943976
0.01828535
0.01804561
0.01997956
0.02335365
0.02122612
0.01663662
0.02483286
0.02042564
0.02243342
0.02216202
0.02192890
0.02435406
0.02144045
0.01623460
0.01877887
0.02425965
0.01904403
0.02223898
0.02143786
0.02588851
0.02125203
0.02039406
0.02099862
0.02169318
0.02105673
0.01860808
0.02245604
0.02307478
0.01843401
0.02190434
0.01902897
0.02227991
0.01719210
0.01922330
0.01946502
0.02012158
0.01966518
0.01887917
0.02038868
0.02276178
0.01766980
0.02051253
0.01787875
0.01894300
0.01727299
0.01886581
0.01795206
0.01629456
0.01633894
0.02090025
0.01897132
0.02152205
0.01948823
0.01710948
0.01768943
0.01574615
0.02167407
0.01960335
0.01743079
0.01651251
0.01952735
0.02005126
0.01569335
0.01913926
0.02098607
0.01731821
0.01943168
0.01489186
0.01750069
0.01316160
0.02023681
0.01743250
0.02086558
0.02067488
0.02012800
0.01889599
0.01798242
0.01832694
0.02092541
0.01969638
0.01918346
0.01888709
0.01617719
0.01959895
0.01816333
0.01639925
0.01631789
0.01916985
0.01559475
0.01424866
0.01997179
0.01825246
0.02144507
0.01804397
0.02039151
0.01933421
0.01634940
0.01605312
0.01974447
0.01501823
0.01771711
0.02103450
0.01400233
0.01928069
0.01523463
0.01865385
0.01947122
0.01700622
0.01644588
0.01893859
0.01973567
0.01508962
0.01743507
0.01593187
0.01762732
0.01752927
0.01270054
0.01591457
0.01682923
0.01546002
0.01513668
0.01610333
0.02001345
0.02067156
0.01727973
0.01842047
0.01868047
0.01523100
0.01526755
0.01493262
0.01735197
0.01528953
0.01552480
0.01972191
0.01651754
0.01541754
0.01313611
0.01327259
0.01716374
0.02219928
0.01728407
0.01699001
0.01751284
0.01872202
0.01789060
0.01479035
0.01873377
0.01614637
0.01480868
0.01723273
0.01551706
0.02157417
0.01559528
0.01676660
0.01611065
0.01438909
0.01654567
0.01266165
0.01460994
0.01723777
0.01555166
0.01560796
0.01348665
0.01282352
0.01461990
0.01441615
0.01486136
0.01151111
0.01696874
0.01733163
0.01293598
0.01805491
0.01330874
0.01516917
0.01292811
0.01921155
0.01868514
0.01804917
0.01278419
0.01516291
0.01645069
0.01477679
0.01648821
0.01429375
0.01456710
0.01449813
0.01211320
0.01556818
0.01729613
0.01570712
0.01367358
0.01627579
0.01587734
0.01339022
0.01775828
0.01441466
0.01615397
0.01622770
0.01593531
0.01452773
0.01384479
0.01654613
0.01292907
0.01526872
0.01581485
0.01520779
0.01505868
0.01393276
0.01691197
0.01301890
0.01538060
0.01511238
0.01276053
0.01474423
0.01291115
0.01752804
0.01742517
0.01528244
0.01570753
0.01078855
0.01197278
0.01381585
0.01078333
0.01373137
0.01433932
0.01515577
0.01368061
0.01315502
0.01251588
0.01252457
0.01660967
0.01471311
0.01706978
0.01426775
0.01268313
0.01626864
0.01427610
0.01382385
0.01344502
0.01393418
0.01486026
0.01410584
0.01454286
0.01431191
0.01460783
0.01246014
0.01509758
0.01419177
0.01463340
0.01286161
0.01068294
0.01314287
0.01734928
0.01661967
0.01453871
0.01789571
0.01199976
0.01382589
0.01375704
0.01243449
0.01556089
0.01761148
0.01127642
0.01585359
0.01387831
0.01392149
0.01593822
0.01180360
0.01176362
0.01180702
0.01133916
0.01277179
0.01390125
0.01312485
0.01098459
0.01310323
0.01113398
0.01398496
0.01554609
0.01210260
0.01573771
0.01206898
0.01015855
0.01167869
0.01129349
0.01352191
0.01206518
0.01246959
0.01343234
0.01155732
0.01094321
0.01115941
0.01225332
0.01149996
0.01454579
0.01377702
0.01181576
0.01532445
0.01079112
0.01459433
0.01357316
0.01315923
0.01373978
0.01132746
0.01214907
0.00992238
0.01286727
0.01218767
0.01385495
0.01138406
0.01034724
0.01166619
0.01488998
0.01222558
0.01619339
0.01358923
0.01148198
0.00924529
0.01483272
0.01351049
0.01109754
0.01129836
0.01633319
0.01196359
0.01207336
0.01130414
0.01143820
0.01325888
0.01400413
0.01394175
0.01288367
0.01342965
0.01218596
0.01130984
0.01382138
0.01432253
0.00905050
0.00917188
0.01381386
0.00959297
0.01302375
0.00999748
0.01281526
0.01286556
0.01378329
0.01301174
0.01247971
0.01366175
0.01334312
0.00957794
0.01106804
0.01067395
0.01374617
0.01214208
0.01316026
0.01296543
0.01040496
0.01176523
0.01212261
0.01099721
0.01208931
0.01197250
0.01268832
0.01128348
0.01111352
0.00707145
0.01081705
0.01254768
0.01234409
0.01205930
0.01199535
0.01037029
0.01125678
0.01407622
0.01010575
0.01043114
0.01294104
0.01078544
0.01167119
0.01082503
0.01334767
0.01300331
0.01171339
0.01069093
0.00899550
0.01157204
0.00963825
0.01121823
0.00927272
0.01080191
0.00892135
0.00980277
0.01228215
0.01018310
0.01227709
0.01179882
0.00949805
0.01459257
0.01125168
0.01092370
0.01287556
0.00870364
0.01239301
0.01018080
0.01091649
0.00888134
0.01257401
0.01107155
0.01208373
0.01135866
0.01100037
0.00917767
0.01109464
0.00760538
0.00932565
0.01227996
0.01144939
0.01381883
0.00898599
0.00987643
0.01395917
0.01193435
0.00874345
0.01314466
0.00957670
0.00924875
0.01017508
0.01165699
0.00843174
0.01065429
0.00833381
0.01501593
0.01013770
0.00970098
0.01001834
0.01046464
0.00898203
0.01553920
0.01057484
0.00906512
0.01204592
0.00910188
0.01044549
0.01033441
0.01059717
0.01012813
0.00851420
0.00915793
0.00935421
0.01099128
0.01169802
0.01343311
0.01177213
0.01029840
0.01129316
0.01119982
0.00920051
0.00998491
0.01066935
0.00881348
0.00999875
0.00943552
0.01122992
0.00839365
0.01010547
0.01099431
0.01086100
0.00841603
0.00877155
0.00898157
0.00931214
0.00787205
0.00989149
0.01260589
0.00716178
0.01208180
0.00969022
0.00829071
0.01069818
0.00759441
0.00973353
0.00980647
0.01046791
0.00981563
0.00881300
0.00759293
0.01080211
0.01100951
0.00972804
0.01015532
0.00904375
0.01016807
0.01055783
0.00882066
0.01010046
0.00587930
0.00853229
0.01097801
0.00913902
0.00948314
0.01029862
0.01031395
0.00929974
0.01205588
0.00897671
0.00769925
0.00975018
0.01188773
0.00728285
0.00869960
0.00830005
0.01016757
0.00769477
0.00856927
0.00873605
0.00956698
0.00978832
0.01014382
0.01277853
0.00991717
0.01042274
0.01074571
0.00822755
0.01054937
0.01293503
0.00939760
0.00816460
0.00878806
0.00838699
0.01003447
0.00909648
0.00859105
0.00817605
0.00985842
0.00870967
0.00920719
0.01058907
0.00895993
0.00898174
0.01073604
0.01004115
0.00936115
0.00831810
0.00949535
0.01008436
0.01032736
0.00801526
0.00857717
0.00926401
0.00796192
0.00713414
0.00641594
0.00939693
0.01061852
0.00933164
0.00935397
0.00740794
0.00785173
0.00777592
0.00693356
0.00916113
0.00962506
0.01140569
0.00837959
0.00951016
0.00816860
0.00863615
0.01033328
0.00898439
0.00979709
0.00627098
0.00808418
0.00769939
0.00483888
0.00830513
0.00746633
0.00924404
0.00874984
0.00871329
0.00793149
0.00766343
0.00807788
0.01052716
0.00977780
0.00956624
0.00721011
0.00963023
0.01065504
0.00884999
0.01070411
0.01120059
0.00851332
0.00930982
0.00745288
0.00969415
0.00964722
0.00834144
0.00926662
0.00903095
0.00959198
0.00819417
0.01075725
0.00844110
0.00926664
0.00844080
0.00956572
0.00825484
0.00905368
0.00801690
0.00845284
0.00750775
0.00681573
0.00871055
0.01153915
0.00771295
0.00763919
0.00902331
0.00616963
0.00867133
0.01005250
0.01184938
0.00692401
0.00840484
0.00908226
0.00889223
0.00764000
0.00799810
0.00881081
0.00767539
0.00749709
0.00837051
0.00820128
0.00903104
0.00845265
0.00850947
0.00913825
0.01173266
0.00817284
0.00712814
0.00752958
0.00861596
0.01145584
0.00972648
0.00777778
0.00809706
0.00961265
0.01033138
0.00665176
0.00847050
0.00944969
0.00676287
0.00936617
0.00790717
0.00804684
0.00720735
0.00584193
0.00985639
0.00747748
0.00669814
0.00737004
0.00792000
0.00857605
0.00819698
0.00558549
0.00906928
0.00941006
0.00844089
0.00672034
0.00783590
0.00705371
0.00737111
0.00702471
0.00931886
0.00774332
0.00916727
0.00853702
0.00675885
0.00878852
0.00855076
0.00698543
0.01030049
0.00784518
0.00734574
0.00802025
0.00935598
0.00688728
0.00639761
0.00962192
0.01081525
0.00817058
0.00873235
0.00636300
0.00777921
0.00819891
0.00720489
0.00873615
0.00964611
0.00568541
0.00736085
0.00720417
0.00766236
0.00923537
0.00776270
0.00857056
0.00743696
0.00716563
0.00879833
0.00654416
0.00714369
0.00771796
0.00654121
0.00560577
0.00663428
0.00751891
0.00726474
0.00832354
0.00907327
0.00556462
0.00689011
0.00806672
0.00831030
0.00891276
0.00783086
0.00642846
0.00617267
0.00781676
0.00756084
0.00621806
0.00654138
0.00695642
0.00751757
0.00847092
0.00650904
0.00792618
0.00766452
0.00688355
0.00767976
0.00808590
0.00787428
0.00903547
0.00726409
0.00678247
0.00567759
0.00914729
0.00820579
0.00834879
0.00886723
0.00916965
0.00732472
0.00654023
0.00708807
0.00610764
0.00888257
0.00703643
0.00730007
0.00669579
0.00718151
0.00665810
0.00906121
0.00688803
0.00925246
0.00798648
0.00888576
0.01122849
0.00821608
0.00681961
0.00604710
0.00831326
0.01001502
0.00956908
0.00729775
0.00687931
0.00619138
0.00823520
0.00753412
0.00812571
0.00810362
0.00783407
0.00646857
0.00837815
0.00850953
0.00642440
0.00701737
0.00800992
0.00682187
0.00520087
0.00889676
0.00714946
0.00658554
0.00773808
0.00671288
0.00589760
0.00727936
0.00799793
0.00915435
0.00767911
0.00475797
0.00769627
0.00873607
0.00536914
0.00723004
0.00828198
0.00812817
0.00925203
0.00642920
0.00753465
0.00697552
0.00570224
0.00732133
0.00768546
0.00737289
0.00636661
0.00671387
0.00705161
0.00626126
0.00766421
0.00556466
0.00693374
0.00688319
0.00645398
0.00661015
0.00719709
0.00625729
0.00780835
0.00590267
0.00956151
0.00556504
0.00691096
0.00653512
0.00734535
0.00848323
0.00667130
0.00560933
0.00568307
0.00820957
0.00728078
0.00528910
0.00738714
0.00772339
0.00567653
0.00660076
0.00807666
0.00629713
0.00541839
0.00681264
0.00779706
0.00656654
0.00780465
0.00848243
0.00755394
0.00508069
0.00555198
0.00807739
0.00705288
0.00863387
0.00655461
0.00628874
0.00736226
0.00519368
0.00842508
0.00749412
0.00764905
0.00906826
0.00710511
0.00825321
0.00714056
0.00620508
0.00648083
0.00812193
0.00626514
0.00658972
0.00567558
0.00658092
0.00765283
0.00695899
0.00712204
0.00743881
0.00707567
0.00611334
0.00648695
0.00642913
0.00638530
0.00630285
0.00706933
0.00938537
0.00679306
0.00573462
0.00943230
0.00705251
0.00626673
0.00637940
0.00576714
0.00701696
0.00556864
0.00578691
0.00503726
0.00626608
0.00737150
0.00639094
0.00691110
0.00575463
0.00726516
0.00686248
0.00568504
0.00554666
0.00720732
0.00634795
0.00814201
0.00683748
0.00721755
0.00615686
0.01046817
0.00577219
0.00801322
0.00531761
0.00577884
0.00574719
0.00813516
0.00811310
0.00571546
0.00666864
0.00706928
0.00756575
0.00729490
0.00753720
0.00637837
0.00637245
0.00645956
0.00738981
0.00488202
0.00635683
0.00883925
0.00916617
0.00573866
0.00710221
0.00525974
0.00592863
0.00782067
0.00763815
0.00800215
0.00685759
0.00825717
0.00460367
0.00879099
0.00608616
0.00631201
0.00552033
0.00533804
0.00757529
0.00759110
0.00757201
0.00910781
0.00527378
0.00543022
0.00678218
0.00564807
0.00629496
0.00715201
0.00783649
0.00424635
0.00740001
0.00399859
0.00448360
0.00643230
0.00522906
0.00786120
0.00614542
0.00564783
0.00626318
0.00581792
0.00704951
0.00500986
0.00631296
0.00450392
0.00739289
0.00573823
0.00667268
0.00703972
0.00647919
0.00561514
0.00635017
0.00492826
0.00627151
0.00842723
0.00624906
0.00707848
0.00581376
0.00621406
0.00725699
0.00530095
0.00510547
0.00560000
0.00585724
0.00672469
0.00503179
0.00607585
0.00546011
0.00508696
0.00794059
0.00659603
0.00533729
0.00586761
0.00620788
0.00719741
0.00682143
0.00575920
0.00711191
0.00630815
0.00755257
0.00919621
0.00524754
0.00527048
0.00636162
0.00642520
0.00596593
0.00504437
0.00699259
0.00623042
0.00776632
0.00555553
0.00520380
0.00546594
0.00554207
0.00690917
0.00847591
0.00783625
0.00433769
0.00592421
0.00634502
0.00737425
0.00538489
0.00581021
0.00804147
0.00677080
0.00612168
0.00730244
0.00573791
0.00619340
0.00536057
0.00716165
0.00745535
0.00739849
0.00509498
0.00740865
0.00606100
0.00788678
0.00755934
0.00734270
0.00597550
0.00639682
0.00802690
0.00685052
0.00646867
0.00527944
0.00526773
0.00452736
0.00661828
0.00614837
0.00777642
0.00565071
0.00767958
0.00573639
0.00552934
0.00598404
0.00508620
0.00483746
0.00606645
0.00531105
0.00525826
0.00689400
0.00634356
0.00739114
0.00589950
0.00541112
0.00526180
0.00790458
0.00548908
0.00530255
0.00755887
0.00710966
0.00655326
0.00611854
0.00653863
0.00372717
0.00610727
0.00731672
0.00491431
0.00649436
0.00560156
0.00501718
0.00579639
0.00656527
0.00599357
0.00633269
0.00521518
0.00653173
0.00777643
0.00586262
0.00618293
0.00701454
0.00703405
0.00442006
0.00680086
0.00531455
0.00603541
0.00494858
0.00556226
0.00355853
0.00892867
0.00568298
0.00678824
0.00792134
0.00660075
0.00637563
0.00541688
0.00424241
0.00585498
0.00579942
0.00537972
0.00649871
0.00514090
0.00654584
0.00730620
0.00511283
0.00554640
0.00703606
0.00578029
0.00673819
0.00560113
0.00613716
0.00460254
0.00810625
0.00647360
0.00443172
0.00691170
0.00592881
0.00389296
0.00525231
0.00658692
0.00640252
0.00604492
0.00577200
0.00596021
0.00558027
0.00461512
0.00495658
0.00614134
0.00617262
0.00627287
0.00654351
0.00485875
0.00496900
0.00559765
0.00462637
0.00589941
0.00487135
0.00548592
0.00573288
0.00588014
0.00695293
0.00536091
0.00686329
0.00521968
0.00683187
0.00641272
0.00468901
0.00685647
0.00537661
0.00580415
0.00655896
0.00528373
0.00528782
0.00663323
0.00797431
0.00930133
0.00512810
0.00605286
0.00571638
0.00580804
0.00585344
0.00553310
0.00565699
0.00509638
0.00822102
0.00373802
0.00583135
0.00638181
0.00676510
0.00396725
0.00488224
0.00577303
0.00476703
0.00668124
0.00514914
0.00708609
0.00581058
0.00562218
0.00544541
0.00458881
0.00714292
0.00475661
0.00706389
0.00625714
0.00621509
0.00633137
0.00655007
0.00604120
0.00486125
0.00402811
0.00664023
0.00605647
0.00562824
0.00619649
0.00571789
0.00658907
0.00753496
0.00636836
0.00505302
0.00494653
0.00560568
0.00585659
0.00471028
0.00552531
0.00441601
0.00593186
0.00464560
0.00662794
0.00595151
0.00602562
0.00497489
0.00543310
0.00595306
0.00459139
0.00763814
0.00632075
0.00571502
0.00452748
0.00596492
0.00474617
0.00583357
0.00767201
0.00506641
0.00388006
0.00568935
0.00510613
0.00436482
0.00539514
0.00629237
0.00537190
0.00402315
0.00625332
0.00559930
0.00542197
0.00701517
0.00563134
0.00603972
0.00663411
0.00661051
0.00459870
0.00549124
0.00474186
0.00759740
0.00432844
0.00490500
0.00650608
0.00565049
0.00430170
0.00529453
0.00654637
0.00876079
0.00469904
0.00549205
0.00548067
0.00614739
0.00499729
0.00500429
0.00571537
0.00398907
0.00598540
0.00473296
0.00638865
0.00406065
0.00587048
0.00778647
0.00634351
0.00754124
0.00476565
0.00415237
0.00444152
0.00443702
0.00591486
0.00656668
0.00606563
0.00491619
0.00477620
0.00568800
0.00476364
0.00512240
0.00480406
0.00464903
0.00515470
0.00605476
0.00589009
0.00456428
0.00524451
0.00559831
0.00745981
0.00358224
0.00700926
0.00601706
0.00531941
0.00588812
0.00572214
0.00436120
0.00431514
0.00513599
0.00588165
0.00761993
0.00552856
0.00773941
0.00571586
0.00606030
0.00529487
0.00650676
0.00549688
0.00589346
0.00556623
0.00639992
0.00577280
0.00642216
0.00428608
0.00443632
0.00653694
0.00700305
0.00761924
0.00509908
0.00709083
0.00524180
0.00446663
0.00492243
0.00483396
0.00549078
0.00435031
0.00580686
0.00579802
0.00549514
0.00423130
0.00596172
0.00490715
0.00519153
0.00573756
0.00638657
0.00512301
0.00615786
0.00414185
0.00402262
0.00540576
0.00496243
0.00467936
0.00637352
0.00424217
0.00672422
0.00652847
0.00558572
0.00480738
0.00391824
0.00619541
0.00499798
0.00518273
0.00537259
0.00755365
0.00567328
0.00634532
0.00500056
0.00582011
0.00502977
0.00417500
0.00508598
0.00523496
0.00482977
0.00344721
0.00525805
0.00411800
0.00639650
0.00420053
0.00551193
0.00508302
0.00553459
0.00677739
0.00688444
0.00559136
0.00567099
0.00558275
0.00638386
0.00642202
0.00468128
0.00752825
0.00583103
0.00659182
0.00504658
0.00465664
0.00493839
0.00662826
0.00598497
0.00481027
0.00395001
0.00794712
0.00552042
0.00551620
0.00620459
0.00426893
0.00503196
0.00556669
0.00495079
0.00734496
0.00518649
0.00651126
0.00491013
0.00680615
0.00711200
0.00564500
0.00501266
0.00457170
0.00598310
0.00549896
0.00527013
0.00519773
0.00461134
0.00470270
0.00474955
0.00584017
0.00496418
0.00516831
0.00463892
0.00490357
0.00625642
0.00641999
0.00435308
0.00526209
0.00521187
0.00418000
0.00495004
0.00550863
0.00631873
0.00498792
0.00692728
0.00547101
0.00611361
0.00483327
0.00517172
0.00442370
0.00643107
0.00498436
0.00498443
0.00536555
0.00596983
0.00512363
0.00402530
0.00462354
0.00552808
0.00441246
0.00579019
0.00537393
0.00407053
0.00528456
0.00611997
0.00422711
0.00597191
0.00413068
0.00517572
0.00558383
0.00411143
0.00515110
0.00475323
0.00701415
0.00519034
0.00461489
0.00421878
0.00561163
0.00793218
0.00528310
0.00386089
0.00574412
0.00533978
0.00540922
0.00436139
0.00450513
0.00685977
0.00524713
0.00576419
0.00440619
0.00606670
0.00699453
0.00643079
0.00603812
0.00721352
0.00356918
0.00463601
0.00553524
0.00615443
0.00573405
0.00615621
0.00610649
0.00702989
0.00493718
0.00551944
0.00588506
0.00622323
0.00441897
0.00529753
0.00500240
0.00573766
0.00455509
0.00585406
0.00490650
0.00480800
0.00549943
0.00584742
0.00611285
0.00558399
0.00440642
0.00468106
0.00401455
0.00423236
0.00467037
0.00556129
0.00520715
0.00560963
0.00537919
0.00498090
0.00423156
0.00462622
0.00617520
0.00368413
0.00405378
0.00482578
0.00447210
0.00602261
0.00604534
0.00408115
0.00583746
0.00601325
0.00644139
0.00690508
0.00412859
0.00562169
0.00621023
0.00616407
0.00677930
0.00570629
0.00342468
0.00541271
0.00528867
0.00483046
0.00364704
0.00492738
0.00450598
0.00452109
0.00512046
0.00551621
0.00506281
0.00403914
0.00462191
0.00467489
0.00573012
0.00515248
0.00650294
0.00586060
0.00739249
0.00621572
0.00439201
0.00654133
0.00442493
0.00520662
0.00647801
0.00553040
0.00556966
0.00565353
0.00447352
0.00492499
0.00662387
0.00603484
0.00660884
0.00492513
0.00462502
0.00657805
0.00420469
0.00509923
0.00576199
0.00483466
0.00429073
0.00646614
0.00346039
0.00715423
0.00471526
0.00616366
0.00560735
0.00501092
0.00460739
0.00576230
0.00635723
0.00438009
0.00614815
0.00397396
0.00625997
0.00506614
0.00554464
0.00520433
0.00506442
0.00548182
0.00514363
0.00415392
0.00351354
0.00492266
0.00592569
0.00609060
0.00577278
0.00564142
0.00567242
0.00573220
0.00576522
0.00322126
0.00432721
0.00512514
0.00672900
0.00512886
0.00650023
0.00396351
0.00557425
0.00534525
0.00752000
0.00472654
0.00851214
0.00601561
0.00511247
0.00416618
0.00530064
0.00525955
0.00584759
0.00550126
0.00450857
0.00621659
0.00491894
0.00530106
0.00454801
0.00587168
0.00638934
0.00495518
0.00503954
0.00497784
0.00611108
0.00405649
0.00540532
0.00356409
0.00672039
0.00515840
0.00445595
0.00579408
0.00447654
0.00518004
0.00441289
0.00561612
0.00455345
0.00628621
0.00510102
0.00504267
0.00428016
0.00544534
0.00394329
0.00479975
0.00582869
0.00484099
0.00702572
0.00573440
0.00512243
0.00347266
0.00590301
0.00363490
0.00376287
0.00442609
0.00492990
0.00657047
0.00504685
0.00434310
0.00553579
0.00641267
0.00456389
0.00598566
0.00623762
0.00596708
0.00516008
0.00458593
0.00550252
0.00635336
0.00452078
0.00663722
0.00575386
0.00544749
0.00515566
0.00534623
0.00597075
0.00589620
0.00518904
0.00531387
0.00394365
0.00494891
0.00627104
0.00494843
0.00530588
0.00399122
0.00535760
0.00653837
0.00615241
0.00472732
0.00533889
0.00412469
0.00545948
0.00588025
0.00511631
0.00577664
0.00491867
0.00620563
0.00539121
0.00584265
0.00425026
0.00593068
0.00647477
0.00409230
0.00414347
0.00546309
0.00627212
0.00581493
0.00439257
0.00660005
0.00577963
0.00547569
0.00623855
0.00399008
0.00505814
0.00563871
0.00572753
0.00503249
0.00734123
0.00562071
0.00583434
0.00547913
0.00487278
0.00427478
0.00769322
0.00361661
0.00536365
0.00423115
0.00446027
0.00498321
0.00448470
0.00408653
0.00527527
0.00459623
0.00489180
0.00481543
0.00627629
0.00518889
0.00460863
0.00463425
0.00584275
0.00462499
0.00548133
0.00522798
0.00633423
0.00561867
0.00490350
0.00555211
0.00735736
0.00521676
0.00462412
0.00622762
0.00675281
0.00514276
0.00367799
0.00488197
0.00602057
0.00531464
0.00506905
0.00570277
0.00483422
0.00519659
0.00552360
0.00686082
0.00526820
0.00518786
0.00329104
0.00576665
0.00469358
0.00447725
0.00537606
0.00407413
0.00507757
0.00407440
0.00525881
0.00408679
0.00429607
0.00534587
0.00380268
0.00437604
0.00579596
0.00427143
0.00607022
0.00492661
0.00530732
0.00396843
0.00600146
0.00511806
0.00444853
0.00862485
0.00698246
0.00495363
0.00457255
0.00546039
0.00558722
0.00397647
0.00476197
0.00563462
0.00472130
0.00648283
0.00517270
0.00545768
0.00501870
0.00546111
0.00421832
0.00580172
0.00483756
0.00322605
0.00520919
0.00569027
0.00482623
0.00495217
0.00422828
0.00453624
0.00593047
0.00672823
0.00470621
0.00581095
0.00457892
0.00478510
0.00385571
0.00484778
0.00538817
0.00515242
0.00430722
0.00460114
0.00644903
0.00420853
0.00410654
0.00385068
0.00584802
0.00668911
0.00406043
0.00588877
0.00426656
0.00545557
0.00468752
0.00524839
0.00401667
0.00518717
0.00520652
0.00634149
0.00428365
0.00445004
0.00523891
0.00544003
0.00577022
0.00473241
0.00532568
0.00505820
0.00474803
0.00500761
0.00547075
0.00573109
0.00504763
0.00476658
0.00548351
0.00598356
0.00475420
0.00591400
0.00502116
0.00381204
0.00696242
0.00463367
0.00469826
0.00639392
0.00505544
0.00531079
0.00611952
0.00517195
0.00644878
0.00395199
0.00490971
0.00434522
0.00367093
0.00529418
0.00396536
0.00452470
0.00470129
0.00392482
0.00452386
0.00792306
0.00478747
0.00439955
0.00365529
0.00422942
0.00479891
0.00454111
0.00425783
0.00526998
0.00594971
0.00681967
0.00295139
0.00602640
0.00431668
0.00381065
0.00466111
0.00638938
0.00529438
0.00547976
0.00549376
0.00471448
0.00417699
0.00550184
0.00550011
0.00371220
0.00543128
0.00454674
0.00468513
0.00472534
0.00543685
0.00578705
0.00541843
0.00541598
0.00554202
0.00428582
0.00555429
0.00396028
0.00354479
0.00352008
0.00493422
0.00614275
0.00456626
0.00448808
0.00412695
0.00389349
0.00436507
0.00470840
0.00628445
0.00492103
0.00394109
0.00631558
0.00510668
0.00605049
0.00497967
0.00495368
0.00720837
0.00599174
0.00688091
0.00510924
0.00564311
0.00391679
0.00645152
0.00468254
0.00508486
0.00394981
0.00428017
0.00433284
0.00583756
0.00453802
0.00503528
0.00573114
0.00575365
0.00514211
0.00603014
0.00384675
0.00343392
0.00444921
0.00355840
0.00591879
0.00310153
0.00450815
0.00539778
0.00659090
0.00566034
0.00610258
0.00480935
0.00586589
0.00533221
0.00566302
0.00463485
0.00481535
0.00382758
0.00581654
0.00478544
0.00475174
0.00491501
0.00421764
0.00537101
0.00495249
0.00351710
0.00488365
0.00503923
0.00578294
0.00552249
0.00560197
0.00449492
0.00670072
0.00475662
0.00378578
0.00404244
0.00557973
0.00480782
0.00427771
0.00443326
0.00423072
0.00568892
0.00432374
0.00399845
0.00473193
0.00465659
0.00468996
0.00369529
0.00500137
0.00447809
0.00656906
0.00689904
0.00545240
0.00478644
0.00532271
0.00408452
0.00635850
0.00524084
0.00425562
0.00447298
0.00390587
0.00479426
0.00575952
0.00449643
0.00565771
0.00441160
0.00557846
0.00465005
0.00465700
0.00620045
0.00417990
0.00475763
0.00484423
0.00438095
0.00454075
0.00362290
0.00456590
0.00471217
0.00459129
0.00567541
0.00476243
0.00646765
0.00666788
0.00448416
0.00511032
0.00560230
0.00525789
0.00406959
0.00363734
0.00454040
0.00594607
0.00520614
0.00423448
0.00289459
0.00535151
0.00561702
0.00602490
0.00534388
0.00492156
0.00439756
0.00416038
0.00604569
0.00584516
0.00489753
0.00471598
0.00436601
0.00575822
0.00442104
0.00412439
0.00351202
0.00356282
0.00538610
0.00499707
0.00535511
0.00471729
0.00414163
0.00480824
0.00420248
0.00612268
0.00546796
0.00409496
0.00630397
0.00589610
0.00513210
0.00651854
0.00622558
0.00269424
0.00478698
0.00555835
0.00461630
0.00545949
0.00461309
0.00572981
0.00464151
0.00524899
0.00605930
0.00326689
0.00539448
0.00394057
0.00564583
0.00675991
0.00604684
0.00595814
0.00512743
0.00367363
0.00415743
0.00541232
0.00508515
0.00366285
0.00577997
0.00415705
0.00500046
0.00456846
0.00564550
0.00433125
0.00515666
0.00414959
0.00385851
0.00527095
0.00548318
0.00532672
0.00424010
0.00434598
0.00429833
0.00292976
0.00375882
0.00450828
0.00510953
0.00453494
0.00552560
0.00379956
0.00457691
0.00595851
0.00456046
0.00543791
0.00500156
0.00559033
0.00533688
0.00433957
0.00523123
0.00542422
0.00492291
0.00500465
0.00719293
0.00488085
0.00580964
0.00493018
0.00646037
0.00633784
0.00365900
0.00363131
0.00390189
0.00361232
0.00584158
0.00469614
0.00386591
0.00449000
0.00485319
0.00414336
0.00448091
0.00501932
0.00612978
0.00645374
0.00360472
0.00435312
0.00471591
0.00324767
0.00367575
0.00557681
0.00670541
0.00499543
0.00486041
0.00557678
0.00591979
0.00386505
0.00425260
0.00600009
0.00433563
0.00459010
0.00506094
0.00368858
0.00354511
0.00677229
0.00549526
0.00469436
0.00480646
0.00630225
0.00589107
0.00483116
0.00391967
0.00466156
0.00378066
0.00609765
0.00533488
0.00476683
0.00430412
0.00376623
0.00363797
0.00549682
0.00463799
0.00532788
0.00354937
0.00603588
0.00423660
0.00442803
0.00498265
0.00408597
0.00448395
0.00532660
0.00433258
0.00656113
0.00414977
0.00623365
0.00565274
0.00522728
0.00590545
0.00544360
0.00558453
0.00419220
0.00373891
0.00422516
0.00478139
0.00529485
0.00444295
0.00510874
0.00555572
0.00469666
0.00463193
0.00419022
0.00411994
0.00809510
0.00497026
0.00404501
0.00614500
0.00500532
0.00357153
0.00562314
0.00456143
0.00464084
0.00492838
0.00415630
0.00557717
0.00422868
0.00451521
0.00519245
0.00411959
0.00406370
0.00514212
0.00472412
0.00477186
0.00633114
0.00483109
0.00371419
0.00535737
0.00608128
0.00516796
0.00458003
0.00482342
0.00640671
0.00537994
0.00604329
0.00488301
0.00408030
0.00419296
0.00518599
0.00489863
0.00501502
0.00414811
0.00393595
0.00382231
0.00441259
0.00514227
0.00383844
0.00453566
0.00520215
0.00525259
0.00555196
0.00457095
0.00446580
0.00361117
0.00674016
0.00451356
0.00448120
0.00559633
0.00356621
0.00506756
0.00309425
0.00532972
0.00350651
0.00566273
0.00449083
0.00411187
0.00512394
0.00513426
0.00444521
0.00537534
0.00497612
0.00542228
0.00453867
0.00399081
0.00451317
0.00488878
0.00403678
0.00449538
0.00476656
0.00638900
0.00474425
0.00462180
0.00389825
0.00368626
0.00457447
0.00572014
0.00392408
0.00584552
0.00478627
0.00683465
0.00602118
0.00502407
0.00542604
0.00485037
0.00462665
0.00498056
0.00453915
0.00432224
0.00363625
0.00672559
0.00464114
0.00514793
0.00494726
0.00291836
0.00563027
0.00404697
0.00376435
0.00399173
0.00466789
0.00419975
0.00334868
0.00477167
0.00502205
0.00554514
0.00466318
0.00379972
0.00405017
0.00485004
0.00386508
0.00405417
0.00520289
0.00645079
0.00364536
0.00460486
0.00459843
0.00405733
0.00406318
0.00434587
0.00435257
0.00524976
0.00391941
0.00454357
0.00314369
0.00471893
0.00459601
0.00364266
0.00578373
0.00480962
0.00480315
0.00521360
0.00535660
0.00539331
0.00563613
0.00441060
0.00526160
0.00488237
0.00550457
0.00647672
0.00437750
0.00481198
0.00296531
0.00569712
0.00426434
0.00410087
0.00499722
0.00358831
0.00521208
0.00602979
0.00554538
0.00398626
0.00439315
0.00535230
0.00525075
0.00550203
0.00386030
0.00431037
0.00668292
0.00417766
0.00455655
0.00488140
0.00357594
0.00462636
0.00444086
0.00395666
0.00471980
0.00373468
0.00384234
0.00498090
0.00380697
0.00448558
0.00577010
0.00445284
0.00528855
0.00505014
0.00401667
0.00474674
0.00416746
0.00506851
0.00558928
0.00383894
0.00481980
0.00530619
0.00547026
0.00503355
0.00654264
0.00349546
0.00700547
0.00551003
0.00491192
0.00415335
0.00399146
0.00417964
0.00499884
0.00469907
0.00492364
0.00560013
0.00529098
0.00418350
0.00505960
0.00375920
0.00530575
0.00459351
0.00458220
0.00434102
0.00491831
0.00451824
0.00427967
0.00430712
0.00610505
0.00515183
0.00460061
0.00306507
0.00575389
0.00506188
0.00346621
0.00465771
0.00484504
0.00484926
0.00340055
0.00391890
0.00494875
0.00534508
0.00715904
0.00450152
0.00347133
0.00415816
0.00393466
0.00472402
0.00610404
0.00345188
0.00534520
0.00468127
0.00468493
0.00400526
0.00418047
0.00522461
0.00477905
0.00481200
0.00537511
0.00364485
0.00477441
0.00561413
0.00445346
0.00448841
0.00569760
0.00386107
0.00387359
0.00483393
0.00561082
0.00422958
0.00491867
0.00409793
0.00652551
0.00452941
0.00484540
0.00493051
0.00508789
0.00449305
0.00570250
0.00588027
0.00303960
0.00363173
0.00660770
0.00463044
0.00401505
0.00439714
0.00462737
0.00513318
0.00440550
0.00409390
0.00529567
0.00486913
0.00485293
0.00454633
0.00507996
0.00419051
0.00455444
0.00514810
0.00367959
0.00421863
0.00361769
0.00343246
0.00508883
0.00542207
0.00435536
0.00430515
0.00314070
0.00495854
0.00486837
0.00524959
0.00512716
0.00507507
0.00532753
0.00545179
0.00390371
0.00483224
0.00481294
0.00550632
0.00420651
0.00535964
0.00511602
0.00446389
0.00315215
0.00548135
0.00527095
0.00492519
0.00412571
0.00525381
0.00567679
0.00536944
0.00418729
0.00472799
0.00412660
0.00413483
0.00480660
0.00504176
0.00596451
0.00687148
0.00526397
0.00379651
0.00428580
0.00473241
0.00591707
0.00470052
0.00438294
0.00348510
0.00517396
0.00483542
0.00333368
0.00506653
0.00419381
0.00394377
0.00483770
0.00462474
0.00578642
0.00506287
0.00463357
0.00378190
0.00473436
0.00653505
0.00462549
0.00546171
0.00484711
0.00508813
0.00411308
0.00517994
0.00405472
0.00471542
0.00495752
0.00426904
0.00481915
0.00638194
0.00466389
0.00433853
0.00613745
0.00387699
0.00524419
0.00510806
0.00558089
0.00492269
0.00437640
0.00594139
0.00357955
0.00466869
0.00500945
0.00405286
0.00341089
0.00626847
0.00545661
0.00480202
0.00516122
0.00413595
0.00549285
0.00597032
0.00485939
0.00511584
0.00377686
0.00523956
0.00333620
0.00423560
0.00367667
0.00423522
0.00523918
0.00542443
0.00746889
0.00596728
0.00380866
0.00386333
0.00448848
0.00382365
0.00472399
0.00475901
0.00442633
0.00505566
0.00420144
0.00339438
0.00464593
0.00461222
0.00451529
0.00426319
0.00547688
0.00378936
0.00533753
0.00318484
0.00570127
0.00468175
0.00477710
0.00485639
0.00507750
0.00486192
0.00440318
0.00479871
0.00577322
0.00406639
0.00481694
0.00416774
0.00550963
0.00555132
0.00399095
0.00557800
0.00614371
0.00404344
0.00383813
0.00563233
0.00548469
0.00368472
0.00404890
0.00422049
0.00505637
0.00378549
0.00439278
0.00506820
0.00451027
0.00461815
0.00517755
0.00354711
0.00352873
0.00486277
0.00400484
0.00653185
0.00665089
0.00540528
0.00433932
0.00492156
0.00519330
0.00491440
0.00493036
0.00527081
0.00489840
0.00564433
0.00528624
0.00433530
0.00430175
0.00374547
0.00478671
0.00512955
0.00356085
0.00349774
0.00482236
0.00441536
0.00553641
0.00464773
0.00442789
0.00389518
0.00492004
0.00574125
0.00656781
0.00527537
0.00444409
0.00327184
0.00327156
0.00386582
0.00303977
0.00421963
0.00540090
0.00687915
0.00561484
0.00450868
0.00444245
0.00384935
0.00458658
0.00474966
0.00542098
0.00420008
0.00503907
0.00491778
0.00482689
0.00394900
0.00353653
0.00426922
0.00494501
0.00543925
0.00435740
0.00526385
0.00410742
0.00388330
0.00467823
0.00586524
0.00434174
0.00520709
0.00415048
0.00485549
0.00533401
0.00375945
0.00368001
0.00603004
0.00598572
0.00464391
0.00521585
0.00521926
0.00642337
0.00507809
0.00494406
0.00504233
0.00561046
0.00499622
0.00594546
0.00520574
0.00445711
0.00463349
0.00446799
0.00469049
0.00471310
0.00397007
0.00652081
0.00570879
0.00441910
0.00429681
0.00492098
0.00522094
0.00435410
0.00494312
0.00638051
0.00555177
0.00510014
0.00539778
0.00535416
0.00580460
0.00552198
0.00544831
0.00429815
0.00526594
0.00389719
0.00460791
0.00323869
0.00583821
0.00481401
0.00526405
0.00459317
0.00526664
0.00348951
0.00747520
0.00315349
0.00542797
0.00366892
0.00440028
0.00421886
0.00469907
0.00431631
0.00564743
0.00444615
0.00484047
0.00419953
0.00394243
0.00481552
0.00463087
0.00427134
0.00372571
0.00514358
0.00415353
0.00638887
0.00410780
0.00634926
0.00559243
0.00413509
0.00533151
0.00525722
0.00476926
0.00345924
0.00315432
0.00475617
0.00374615
0.00725148
0.00467089
0.00549807
0.00483083
0.00538623
0.00529139
0.00615792
0.00582487
0.00467878
0.00467835
0.00573094
0.00532979
0.00576267
0.00444919
0.00530054
0.00560454
0.00479886
0.00448170
0.00596708
0.00393704
0.00483557
0.00394284
0.00509969
0.00443796
0.00456680
0.00612140
0.00525240
0.00618755
0.00360277
0.00587826
0.00391595
0.00400769
0.00256901
